555
mesh_pic_bandits 0 pic_bandits 0.000000 0.000000 0.000000 0.000000 0.000000 0.000000 1.000000 1.000000 1.000000
mesh_pic_mb_warrior_1 0 pic_mb_warrior_1 0.000000 0.000000 0.000000 0.000000 0.000000 0.000000 1.000000 1.000000 1.000000
mesh_pic_messenger 0 pic_messenger 0.000000 0.000000 0.000000 0.000000 0.000000 0.000000 1.000000 1.000000 1.000000
mesh_pic_prisoner_man 0 pic_prisoner_man 0.000000 0.000000 0.000000 0.000000 0.000000 0.000000 1.000000 1.000000 1.000000
mesh_pic_prisoner_fem 0 pic_prisoner_fem 0.000000 0.000000 0.000000 0.000000 0.000000 0.000000 1.000000 1.000000 1.000000
mesh_pic_prisoner_wilderness 0 pic_prisoner_wilderness 0.000000 0.000000 0.000000 0.000000 0.000000 0.000000 1.000000 1.000000 1.000000
mesh_pic_siege_sighted 0 pic_siege_sighted 0.000000 0.000000 0.000000 0.000000 0.000000 0.000000 1.000000 1.000000 1.000000
mesh_pic_siege_sighted_fem 0 pic_siege_sighted_fem 0.000000 0.000000 0.000000 0.000000 0.000000 0.000000 1.000000 1.000000 1.000000
mesh_pic_camp 0 pic_camp 0.000000 0.000000 0.000000 0.000000 0.000000 0.000000 1.000000 1.000000 1.000000
mesh_pic_payment 0 pic_payment 0.000000 0.000000 0.000000 0.000000 0.000000 0.000000 1.000000 1.000000 1.000000
mesh_pic_escape_1 0 pic_escape_1 0.000000 0.000000 0.000000 0.000000 0.000000 0.000000 1.000000 1.000000 1.000000
mesh_pic_escape_1_fem 0 pic_escape_1_fem 0.000000 0.000000 0.000000 0.000000 0.000000 0.000000 1.000000 1.000000 1.000000
mesh_pic_victory 0 pic_victory 0.000000 0.000000 0.000000 0.000000 0.000000 0.000000 1.000000 1.000000 1.000000
mesh_pic_defeat 0 pic_defeat 0.000000 0.000000 0.000000 0.000000 0.000000 0.000000 1.000000 1.000000 1.000000
mesh_pic_wounded 0 pic_wounded 0.000000 0.000000 0.000000 0.000000 0.000000 0.000000 1.000000 1.000000 1.000000
mesh_pic_wounded_fem 0 pic_wounded_fem 0.000000 0.000000 0.000000 0.000000 0.000000 0.000000 1.000000 1.000000 1.000000
mesh_pic_steppe_bandits 0 pic_steppe_bandits 0.000000 0.000000 0.000000 0.000000 0.000000 0.000000 1.000000 1.000000 1.000000
mesh_pic_mountain_bandits 0 pic_mountain_bandits 0.000000 0.000000 0.000000 0.000000 0.000000 0.000000 1.000000 1.000000 1.000000
mesh_pic_sea_raiders 0 pic_sea_raiders 0.000000 0.000000 0.000000 0.000000 0.000000 0.000000 1.000000 1.000000 1.000000
mesh_pic_deserters 0 pic_deserters 0.000000 0.000000 0.000000 0.000000 0.000000 0.000000 1.000000 1.000000 1.000000
mesh_pic_forest_bandits 0 pic_forest_bandits 0.000000 0.000000 0.000000 0.000000 0.000000 0.000000 1.000000 1.000000 1.000000
mesh_pic_cattle 0 pic_cattle 0.000000 0.000000 0.000000 0.000000 0.000000 0.000000 1.000000 1.000000 1.000000
mesh_pic_looted_village 0 pic_looted_village 0.000000 0.000000 0.000000 0.000000 0.000000 0.000000 1.000000 1.000000 1.000000
mesh_pic_village_p 0 pic_village_p 0.000000 0.000000 0.000000 0.000000 0.000000 0.000000 1.000000 1.000000 1.000000
mesh_pic_village_s 0 pic_village_s 0.000000 0.000000 0.000000 0.000000 0.000000 0.000000 1.000000 1.000000 1.000000
mesh_pic_village_w 0 pic_village_w 0.000000 0.000000 0.000000 0.000000 0.000000 0.000000 1.000000 1.000000 1.000000
mesh_pic_recruits 0 pic_recruits 0.000000 0.000000 0.000000 0.000000 0.000000 0.000000 1.000000 1.000000 1.000000
mesh_pic_arms_swadian 0 pic_arms_swadian 0.000000 0.000000 0.000000 0.000000 0.000000 0.000000 1.000000 1.000000 1.000000
mesh_pic_arms_vaegir 0 pic_arms_vaegir 0.000000 0.000000 0.000000 0.000000 0.000000 0.000000 1.000000 1.000000 1.000000
mesh_pic_arms_khergit 0 pic_arms_khergit 0.000000 0.000000 0.000000 0.000000 0.000000 0.000000 1.000000 1.000000 1.000000
mesh_pic_arms_nord 0 pic_arms_nord 0.000000 0.000000 0.000000 0.000000 0.000000 0.000000 1.000000 1.000000 1.000000
mesh_pic_arms_rhodok 0 pic_arms_rhodok 0.000000 0.000000 0.000000 0.000000 0.000000 0.000000 1.000000 1.000000 1.000000
mesh_pic_sarranid_arms 0 pic_sarranid_arms 0.000000 0.000000 0.000000 0.000000 0.000000 0.000000 1.000000 1.000000 1.000000
mesh_pic_castle1 0 pic_castle1 0.000000 0.000000 0.000000 0.000000 0.000000 0.000000 1.000000 1.000000 1.000000
mesh_pic_castledes 0 pic_castledes 0.000000 0.000000 0.000000 0.000000 0.000000 0.000000 1.000000 1.000000 1.000000
mesh_pic_castlesnow 0 pic_castlesnow 0.000000 0.000000 0.000000 0.000000 0.000000 0.000000 1.000000 1.000000 1.000000
mesh_pic_charge 0 pic_charge 0.000000 0.000000 0.000000 0.000000 0.000000 0.000000 1.000000 1.000000 1.000000
mesh_pic_khergit 0 pic_khergit 0.000000 0.000000 0.000000 0.000000 0.000000 0.000000 1.000000 1.000000 1.000000
mesh_pic_nord 0 pic_nord 0.000000 0.000000 0.000000 0.000000 0.000000 0.000000 1.000000 1.000000 1.000000
mesh_pic_rhodock 0 pic_rhodock 0.000000 0.000000 0.000000 0.000000 0.000000 0.000000 1.000000 1.000000 1.000000
mesh_pic_sally_out 0 pic_sally_out 0.000000 0.000000 0.000000 0.000000 0.000000 0.000000 1.000000 1.000000 1.000000
mesh_pic_siege_attack 0 pic_siege_attack 0.000000 0.000000 0.000000 0.000000 0.000000 0.000000 1.000000 1.000000 1.000000
mesh_pic_swad 0 pic_swad 0.000000 0.000000 0.000000 0.000000 0.000000 0.000000 1.000000 1.000000 1.000000
mesh_pic_town1 0 pic_town1 0.000000 0.000000 0.000000 0.000000 0.000000 0.000000 1.000000 1.000000 1.000000
mesh_pic_towndes 0 pic_towndes 0.000000 0.000000 0.000000 0.000000 0.000000 0.000000 1.000000 1.000000 1.000000
mesh_pic_townriot 0 pic_townriot 0.000000 0.000000 0.000000 0.000000 0.000000 0.000000 1.000000 1.000000 1.000000
mesh_pic_townsnow 0 pic_townsnow 0.000000 0.000000 0.000000 0.000000 0.000000 0.000000 1.000000 1.000000 1.000000
mesh_pic_vaegir 0 pic_vaegir 0.000000 0.000000 0.000000 0.000000 0.000000 0.000000 1.000000 1.000000 1.000000
mesh_pic_villageriot 0 pic_villageriot 0.000000 0.000000 0.000000 0.000000 0.000000 0.000000 1.000000 1.000000 1.000000
mesh_pic_sarranid_encounter 0 pic_sarranid_encounter 0.000000 0.000000 0.000000 0.000000 0.000000 0.000000 1.000000 1.000000 1.000000
mesh_mp_score_a 0 mp_score_a 0.000000 0.000000 0.000000 0.000000 0.000000 0.000000 1.000000 1.000000 1.000000
mesh_mp_score_b 0 mp_score_b 0.000000 0.000000 0.000000 0.000000 0.000000 0.000000 1.000000 1.000000 1.000000
mesh_portrait_blend_out 0 portrait_blend_out 0.000000 0.000000 0.000000 0.000000 0.000000 0.000000 1.000000 1.000000 1.000000
mesh_load_window 0 load_window 0.000000 0.000000 0.000000 0.000000 0.000000 0.000000 1.000000 1.000000 1.000000
mesh_checkbox_off 1 checkbox_off 0.000000 0.000000 0.000000 0.000000 0.000000 0.000000 1.000000 1.000000 1.000000
mesh_checkbox_on 1 checkbox_on 0.000000 0.000000 0.000000 0.000000 0.000000 0.000000 1.000000 1.000000 1.000000
mesh_white_plane 0 white_plane 0.000000 0.000000 0.000000 0.000000 0.000000 0.000000 1.000000 1.000000 1.000000
mesh_white_dot 0 white_dot 0.000000 0.000000 0.000000 0.000000 0.000000 0.000000 1.000000 1.000000 1.000000
mesh_player_dot 0 player_dot 0.000000 0.000000 0.000000 0.000000 0.000000 0.000000 1.000000 1.000000 1.000000
mesh_flag_infantry 0 flag_infantry 0.000000 0.000000 0.000000 0.000000 0.000000 0.000000 1.000000 1.000000 1.000000
mesh_flag_archers 0 flag_archers 0.000000 0.000000 0.000000 0.000000 0.000000 0.000000 1.000000 1.000000 1.000000
mesh_flag_cavalry 0 flag_cavalry 0.000000 0.000000 0.000000 0.000000 0.000000 0.000000 1.000000 1.000000 1.000000
mesh_inv_slot 0 inv_slot 0.000000 0.000000 0.000000 0.000000 0.000000 0.000000 1.000000 1.000000 1.000000
mesh_mp_ingame_menu 0 mp_ingame_menu 0.000000 0.000000 0.000000 0.000000 0.000000 0.000000 1.000000 1.000000 1.000000
mesh_mp_inventory_left 0 mp_inventory_left 0.000000 0.000000 0.000000 0.000000 0.000000 0.000000 1.000000 1.000000 1.000000
mesh_mp_inventory_right 0 mp_inventory_right 0.000000 0.000000 0.000000 0.000000 0.000000 0.000000 1.000000 1.000000 1.000000
mesh_mp_inventory_choose 0 mp_inventory_choose 0.000000 0.000000 0.000000 0.000000 0.000000 0.000000 1.000000 1.000000 1.000000
mesh_mp_inventory_slot_glove 0 mp_inventory_slot_glove 0.000000 0.000000 0.000000 0.000000 0.000000 0.000000 1.000000 1.000000 1.000000
mesh_mp_inventory_slot_horse 0 mp_inventory_slot_horse 0.000000 0.000000 0.000000 0.000000 0.000000 0.000000 1.000000 1.000000 1.000000
mesh_mp_inventory_slot_armor 0 mp_inventory_slot_armor 0.000000 0.000000 0.000000 0.000000 0.000000 0.000000 1.000000 1.000000 1.000000
mesh_mp_inventory_slot_helmet 0 mp_inventory_slot_helmet 0.000000 0.000000 0.000000 0.000000 0.000000 0.000000 1.000000 1.000000 1.000000
mesh_mp_inventory_slot_boot 0 mp_inventory_slot_boot 0.000000 0.000000 0.000000 0.000000 0.000000 0.000000 1.000000 1.000000 1.000000
mesh_mp_inventory_slot_empty 0 mp_inventory_slot_empty 0.000000 0.000000 0.000000 0.000000 0.000000 0.000000 1.000000 1.000000 1.000000
mesh_mp_inventory_slot_equip 0 mp_inventory_slot_equip 0.000000 0.000000 0.000000 0.000000 0.000000 0.000000 1.000000 1.000000 1.000000
mesh_mp_inventory_left_arrow 0 mp_inventory_left_arrow 0.000000 0.000000 0.000000 0.000000 0.000000 0.000000 1.000000 1.000000 1.000000
mesh_mp_inventory_right_arrow 0 mp_inventory_right_arrow 0.000000 0.000000 0.000000 0.000000 0.000000 0.000000 1.000000 1.000000 1.000000
mesh_mp_ui_host_main 0 mp_ui_host_main 0.000000 0.000000 0.000000 0.000000 0.000000 0.000000 1.000000 1.000000 1.000000
mesh_mp_ui_host_maps_1 0 mp_ui_host_maps_a1 0.000000 0.000000 0.000000 0.000000 0.000000 0.000000 1.000000 1.000000 1.000000
mesh_mp_ui_host_maps_2 0 mp_ui_host_maps_a2 0.000000 0.000000 0.000000 0.000000 0.000000 0.000000 1.000000 1.000000 1.000000
mesh_mp_ui_host_maps_3 0 mp_ui_host_maps_c 0.000000 0.000000 0.000000 0.000000 0.000000 0.000000 1.000000 1.000000 1.000000
mesh_mp_ui_host_maps_4 0 mp_ui_host_maps_ruinedf 0.000000 0.000000 0.000000 0.000000 0.000000 0.000000 1.000000 1.000000 1.000000
mesh_mp_ui_host_maps_5 0 mp_ui_host_maps_a1 0.000000 0.000000 0.000000 0.000000 0.000000 0.000000 1.000000 1.000000 1.000000
mesh_mp_ui_host_maps_6 0 mp_ui_host_maps_a1 0.000000 0.000000 0.000000 0.000000 0.000000 0.000000 1.000000 1.000000 1.000000
mesh_mp_ui_host_maps_7 0 mp_ui_host_maps_fieldby 0.000000 0.000000 0.000000 0.000000 0.000000 0.000000 1.000000 1.000000 1.000000
mesh_mp_ui_host_maps_8 0 mp_ui_host_maps_castle2 0.000000 0.000000 0.000000 0.000000 0.000000 0.000000 1.000000 1.000000 1.000000
mesh_mp_ui_host_maps_9 0 mp_ui_host_maps_snovyv 0.000000 0.000000 0.000000 0.000000 0.000000 0.000000 1.000000 1.000000 1.000000
mesh_mp_ui_host_maps_10 0 mp_ui_host_maps_castle3 0.000000 0.000000 0.000000 0.000000 0.000000 0.000000 1.000000 1.000000 1.000000
mesh_mp_ui_host_maps_11 0 mp_ui_host_maps_c1 0.000000 0.000000 0.000000 0.000000 0.000000 0.000000 1.000000 1.000000 1.000000
mesh_mp_ui_host_maps_12 0 mp_ui_host_maps_c2 0.000000 0.000000 0.000000 0.000000 0.000000 0.000000 1.000000 1.000000 1.000000
mesh_mp_ui_host_maps_13 0 mp_ui_host_maps_c3 0.000000 0.000000 0.000000 0.000000 0.000000 0.000000 1.000000 1.000000 1.000000
mesh_mp_ui_host_maps_randomp 0 mp_ui_host_maps_randomp 0.000000 0.000000 0.000000 0.000000 0.000000 0.000000 1.000000 1.000000 1.000000
mesh_mp_ui_host_maps_randoms 0 mp_ui_host_maps_randoms 0.000000 0.000000 0.000000 0.000000 0.000000 0.000000 1.000000 1.000000 1.000000
mesh_mp_ui_command_panel 0 mp_ui_command_panel 0.000000 0.000000 0.000000 0.000000 0.000000 0.000000 1.000000 1.000000 1.000000
mesh_mp_ui_command_border_l 0 mp_ui_command_border_l 0.000000 0.000000 0.000000 0.000000 0.000000 0.000000 1.000000 1.000000 1.000000
mesh_mp_ui_command_border_r 0 mp_ui_command_border_r 0.000000 0.000000 0.000000 0.000000 0.000000 0.000000 1.000000 1.000000 1.000000
mesh_mp_ui_welcome_panel 0 mp_ui_welcome_panel 0.000000 0.000000 0.000000 0.000000 0.000000 0.000000 1.000000 1.000000 1.000000
mesh_flag_project_sw 0 flag_project_sw 0.000000 0.000000 0.000000 0.000000 0.000000 0.000000 1.000000 1.000000 1.000000
mesh_flag_project_vg 0 flag_project_vg 0.000000 0.000000 0.000000 0.000000 0.000000 0.000000 1.000000 1.000000 1.000000
mesh_flag_project_kh 0 flag_project_kh 0.000000 0.000000 0.000000 0.000000 0.000000 0.000000 1.000000 1.000000 1.000000
mesh_flag_project_nd 0 flag_project_nd 0.000000 0.000000 0.000000 0.000000 0.000000 0.000000 1.000000 1.000000 1.000000
mesh_flag_project_rh 0 flag_project_rh 0.000000 0.000000 0.000000 0.000000 0.000000 0.000000 1.000000 1.000000 1.000000
mesh_flag_project_sr 0 flag_project_sr 0.000000 0.000000 0.000000 0.000000 0.000000 0.000000 1.000000 1.000000 1.000000
mesh_flag_projects_end 0 0 0.000000 0.000000 0.000000 0.000000 0.000000 0.000000 1.000000 1.000000 1.000000
mesh_flag_project_sw_miss 0 flag_project_sw_miss 0.000000 0.000000 0.000000 0.000000 0.000000 0.000000 1.000000 1.000000 1.000000
mesh_flag_project_vg_miss 0 flag_project_vg_miss 0.000000 0.000000 0.000000 0.000000 0.000000 0.000000 1.000000 1.000000 1.000000
mesh_flag_project_kh_miss 0 flag_project_kh_miss 0.000000 0.000000 0.000000 0.000000 0.000000 0.000000 1.000000 1.000000 1.000000
mesh_flag_project_nd_miss 0 flag_project_nd_miss 0.000000 0.000000 0.000000 0.000000 0.000000 0.000000 1.000000 1.000000 1.000000
mesh_flag_project_rh_miss 0 flag_project_rh_miss 0.000000 0.000000 0.000000 0.000000 0.000000 0.000000 1.000000 1.000000 1.000000
mesh_flag_project_sr_miss 0 flag_project_sr_miss 0.000000 0.000000 0.000000 0.000000 0.000000 0.000000 1.000000 1.000000 1.000000
mesh_flag_project_misses_end 0 0 0.000000 0.000000 0.000000 0.000000 0.000000 0.000000 1.000000 1.000000 1.000000
mesh_color_picker 0 color_picker 0.000000 0.000000 0.000000 0.000000 0.000000 0.000000 1.000000 1.000000 1.000000
mesh_custom_map_banner_01 0 custom_map_banner_01 0.000000 0.000000 0.000000 -90.000000 0.000000 90.000000 1.000000 1.000000 1.000000
mesh_custom_map_banner_02 0 custom_map_banner_02 0.000000 0.000000 0.000000 -90.000000 0.000000 90.000000 1.000000 1.000000 1.000000
mesh_custom_map_banner_03 0 custom_map_banner_03 0.000000 0.000000 0.000000 -90.000000 0.000000 90.000000 1.000000 1.000000 1.000000
mesh_custom_banner_01 0 custom_banner_01 0.000000 0.000000 0.000000 -90.000000 0.000000 0.000000 1.000000 1.000000 1.000000
mesh_custom_banner_02 0 custom_banner_02 0.000000 0.000000 0.000000 -90.000000 0.000000 0.000000 1.000000 1.000000 1.000000
mesh_custom_banner_bg 0 custom_banner_bg 0.000000 0.000000 0.000000 0.000000 0.000000 0.000000 10.000000 10.000000 10.000000
mesh_custom_banner_fg01 0 custom_banner_fg01 0.000000 0.000000 0.000000 0.000000 0.000000 0.000000 10.000000 10.000000 10.000000
mesh_custom_banner_fg02 0 custom_banner_fg02 0.000000 0.000000 0.000000 0.000000 0.000000 0.000000 10.000000 10.000000 10.000000
mesh_custom_banner_fg03 0 custom_banner_fg03 0.000000 0.000000 0.000000 0.000000 0.000000 0.000000 10.000000 10.000000 10.000000
mesh_custom_banner_fg04 0 custom_banner_fg04 0.000000 0.000000 0.000000 0.000000 0.000000 0.000000 10.000000 10.000000 10.000000
mesh_custom_banner_fg05 0 custom_banner_fg05 0.000000 0.000000 0.000000 0.000000 0.000000 0.000000 10.000000 10.000000 10.000000
mesh_custom_banner_fg06 0 custom_banner_fg06 0.000000 0.000000 0.000000 0.000000 0.000000 0.000000 10.000000 10.000000 10.000000
mesh_custom_banner_fg07 0 custom_banner_fg07 0.000000 0.000000 0.000000 0.000000 0.000000 0.000000 10.000000 10.000000 10.000000
mesh_custom_banner_fg08 0 custom_banner_fg08 0.000000 0.000000 0.000000 0.000000 0.000000 0.000000 10.000000 10.000000 10.000000
mesh_custom_banner_fg09 0 custom_banner_fg09 0.000000 0.000000 0.000000 0.000000 0.000000 0.000000 10.000000 10.000000 10.000000
mesh_custom_banner_fg10 0 custom_banner_fg10 0.000000 0.000000 0.000000 0.000000 0.000000 0.000000 10.000000 10.000000 10.000000
mesh_custom_banner_fg11 0 custom_banner_fg11 0.000000 0.000000 0.000000 0.000000 0.000000 0.000000 10.000000 10.000000 10.000000
mesh_custom_banner_fg12 0 custom_banner_fg12 0.000000 0.000000 0.000000 0.000000 0.000000 0.000000 10.000000 10.000000 10.000000
mesh_custom_banner_fg13 0 custom_banner_fg13 0.000000 0.000000 0.000000 0.000000 0.000000 0.000000 10.000000 10.000000 10.000000
mesh_custom_banner_fg14 0 custom_banner_fg14 0.000000 0.000000 0.000000 0.000000 0.000000 0.000000 10.000000 10.000000 10.000000
mesh_custom_banner_fg15 0 custom_banner_fg15 0.000000 0.000000 0.000000 0.000000 0.000000 0.000000 10.000000 10.000000 10.000000
mesh_custom_banner_fg16 0 custom_banner_fg16 0.000000 0.000000 0.000000 0.000000 0.000000 0.000000 10.000000 10.000000 10.000000
mesh_custom_banner_fg17 0 custom_banner_fg17 0.000000 0.000000 0.000000 0.000000 0.000000 0.000000 10.000000 10.000000 10.000000
mesh_custom_banner_fg18 0 custom_banner_fg18 0.000000 0.000000 0.000000 0.000000 0.000000 0.000000 10.000000 10.000000 10.000000
mesh_custom_banner_fg19 0 custom_banner_fg19 0.000000 0.000000 0.000000 0.000000 0.000000 0.000000 10.000000 10.000000 10.000000
mesh_custom_banner_fg20 0 custom_banner_fg20 0.000000 0.000000 0.000000 0.000000 0.000000 0.000000 10.000000 10.000000 10.000000
mesh_custom_banner_fg21 0 custom_banner_fg21 0.000000 0.000000 0.000000 0.000000 0.000000 0.000000 10.000000 10.000000 10.000000
mesh_custom_banner_fg22 0 custom_banner_fg22 0.000000 0.000000 0.000000 0.000000 0.000000 0.000000 10.000000 10.000000 10.000000
mesh_custom_banner_fg23 0 custom_banner_fg23 0.000000 0.000000 0.000000 0.000000 0.000000 0.000000 10.000000 10.000000 10.000000
mesh_custom_banner_charge_01 0 custom_banner_charge_01 0.000000 0.000000 0.000000 0.000000 0.000000 0.000000 10.000000 10.000000 10.000000
mesh_custom_banner_charge_02 0 custom_banner_charge_02 0.000000 0.000000 0.000000 0.000000 0.000000 0.000000 10.000000 10.000000 10.000000
mesh_custom_banner_charge_03 0 custom_banner_charge_03 0.000000 0.000000 0.000000 0.000000 0.000000 0.000000 10.000000 10.000000 10.000000
mesh_custom_banner_charge_04 0 custom_banner_charge_04 0.000000 0.000000 0.000000 0.000000 0.000000 0.000000 10.000000 10.000000 10.000000
mesh_custom_banner_charge_05 0 custom_banner_charge_05 0.000000 0.000000 0.000000 0.000000 0.000000 0.000000 10.000000 10.000000 10.000000
mesh_custom_banner_charge_06 0 custom_banner_charge_06 0.000000 0.000000 0.000000 0.000000 0.000000 0.000000 10.000000 10.000000 10.000000
mesh_custom_banner_charge_07 0 custom_banner_charge_07 0.000000 0.000000 0.000000 0.000000 0.000000 0.000000 10.000000 10.000000 10.000000
mesh_custom_banner_charge_08 0 custom_banner_charge_08 0.000000 0.000000 0.000000 0.000000 0.000000 0.000000 10.000000 10.000000 10.000000
mesh_custom_banner_charge_09 0 custom_banner_charge_09 0.000000 0.000000 0.000000 0.000000 0.000000 0.000000 10.000000 10.000000 10.000000
mesh_custom_banner_charge_10 0 custom_banner_charge_10 0.000000 0.000000 0.000000 0.000000 0.000000 0.000000 10.000000 10.000000 10.000000
mesh_custom_banner_charge_11 0 custom_banner_charge_11 0.000000 0.000000 0.000000 0.000000 0.000000 0.000000 10.000000 10.000000 10.000000
mesh_custom_banner_charge_12 0 custom_banner_charge_12 0.000000 0.000000 0.000000 0.000000 0.000000 0.000000 10.000000 10.000000 10.000000
mesh_custom_banner_charge_13 0 custom_banner_charge_13 0.000000 0.000000 0.000000 0.000000 0.000000 0.000000 10.000000 10.000000 10.000000
mesh_custom_banner_charge_14 0 custom_banner_charge_14 0.000000 0.000000 0.000000 0.000000 0.000000 0.000000 10.000000 10.000000 10.000000
mesh_custom_banner_charge_15 0 custom_banner_charge_15 0.000000 0.000000 0.000000 0.000000 0.000000 0.000000 10.000000 10.000000 10.000000
mesh_custom_banner_charge_16 0 custom_banner_charge_16 0.000000 0.000000 0.000000 0.000000 0.000000 0.000000 10.000000 10.000000 10.000000
mesh_custom_banner_charge_17 0 custom_banner_charge_17 0.000000 0.000000 0.000000 0.000000 0.000000 0.000000 10.000000 10.000000 10.000000
mesh_custom_banner_charge_18 0 custom_banner_charge_18 0.000000 0.000000 0.000000 0.000000 0.000000 0.000000 10.000000 10.000000 10.000000
mesh_custom_banner_charge_19 0 custom_banner_charge_19 0.000000 0.000000 0.000000 0.000000 0.000000 0.000000 10.000000 10.000000 10.000000
mesh_custom_banner_charge_20 0 custom_banner_charge_20 0.000000 0.000000 0.000000 0.000000 0.000000 0.000000 10.000000 10.000000 10.000000
mesh_custom_banner_charge_21 0 custom_banner_charge_21 0.000000 0.000000 0.000000 0.000000 0.000000 0.000000 10.000000 10.000000 10.000000
mesh_custom_banner_charge_22 0 custom_banner_charge_22 0.000000 0.000000 0.000000 0.000000 0.000000 0.000000 10.000000 10.000000 10.000000
mesh_custom_banner_charge_23 0 custom_banner_charge_23 0.000000 0.000000 0.000000 0.000000 0.000000 0.000000 10.000000 10.000000 10.000000
mesh_custom_banner_charge_24 0 custom_banner_charge_24 0.000000 0.000000 0.000000 0.000000 0.000000 0.000000 10.000000 10.000000 10.000000
mesh_custom_banner_charge_25 0 custom_banner_charge_25 0.000000 0.000000 0.000000 0.000000 0.000000 0.000000 10.000000 10.000000 10.000000
mesh_custom_banner_charge_26 0 custom_banner_charge_26 0.000000 0.000000 0.000000 0.000000 0.000000 0.000000 10.000000 10.000000 10.000000
mesh_custom_banner_charge_27 0 custom_banner_charge_27 0.000000 0.000000 0.000000 0.000000 0.000000 0.000000 10.000000 10.000000 10.000000
mesh_custom_banner_charge_28 0 custom_banner_charge_28 0.000000 0.000000 0.000000 0.000000 0.000000 0.000000 10.000000 10.000000 10.000000
mesh_custom_banner_charge_29 0 custom_banner_charge_29 0.000000 0.000000 0.000000 0.000000 0.000000 0.000000 10.000000 10.000000 10.000000
mesh_custom_banner_charge_30 0 custom_banner_charge_30 0.000000 0.000000 0.000000 0.000000 0.000000 0.000000 10.000000 10.000000 10.000000
mesh_custom_banner_charge_31 0 custom_banner_charge_31 0.000000 0.000000 0.000000 0.000000 0.000000 0.000000 10.000000 10.000000 10.000000
mesh_custom_banner_charge_32 0 custom_banner_charge_32 0.000000 0.000000 0.000000 0.000000 0.000000 0.000000 10.000000 10.000000 10.000000
mesh_custom_banner_charge_33 0 custom_banner_charge_33 0.000000 0.000000 0.000000 0.000000 0.000000 0.000000 10.000000 10.000000 10.000000
mesh_custom_banner_charge_34 0 custom_banner_charge_34 0.000000 0.000000 0.000000 0.000000 0.000000 0.000000 10.000000 10.000000 10.000000
mesh_custom_banner_charge_35 0 custom_banner_charge_35 0.000000 0.000000 0.000000 0.000000 0.000000 0.000000 10.000000 10.000000 10.000000
mesh_custom_banner_charge_36 0 custom_banner_charge_36 0.000000 0.000000 0.000000 0.000000 0.000000 0.000000 10.000000 10.000000 10.000000
mesh_custom_banner_charge_37 0 custom_banner_charge_37 0.000000 0.000000 0.000000 0.000000 0.000000 0.000000 10.000000 10.000000 10.000000
mesh_custom_banner_charge_38 0 custom_banner_charge_38 0.000000 0.000000 0.000000 0.000000 0.000000 0.000000 10.000000 10.000000 10.000000
mesh_custom_banner_charge_39 0 custom_banner_charge_39 0.000000 0.000000 0.000000 0.000000 0.000000 0.000000 10.000000 10.000000 10.000000
mesh_custom_banner_charge_40 0 custom_banner_charge_40 0.000000 0.000000 0.000000 0.000000 0.000000 0.000000 10.000000 10.000000 10.000000
mesh_custom_banner_charge_41 0 custom_banner_charge_41 0.000000 0.000000 0.000000 0.000000 0.000000 0.000000 10.000000 10.000000 10.000000
mesh_custom_banner_charge_42 0 custom_banner_charge_42 0.000000 0.000000 0.000000 0.000000 0.000000 0.000000 10.000000 10.000000 10.000000
mesh_custom_banner_charge_43 0 custom_banner_charge_43 0.000000 0.000000 0.000000 0.000000 0.000000 0.000000 10.000000 10.000000 10.000000
mesh_custom_banner_charge_44 0 custom_banner_charge_44 0.000000 0.000000 0.000000 0.000000 0.000000 0.000000 10.000000 10.000000 10.000000
mesh_custom_banner_charge_45 0 custom_banner_charge_45 0.000000 0.000000 0.000000 0.000000 0.000000 0.000000 10.000000 10.000000 10.000000
mesh_custom_banner_charge_46 0 custom_banner_charge_46 0.000000 0.000000 0.000000 0.000000 0.000000 0.000000 10.000000 10.000000 10.000000
mesh_tableau_mesh_custom_banner 0 tableau_mesh_custom_banner 0.000000 0.000000 0.000000 0.000000 0.000000 0.000000 10.000000 10.000000 10.000000
mesh_tableau_mesh_custom_banner_square 0 tableau_mesh_custom_banner_square 0.000000 0.000000 0.000000 0.000000 0.000000 0.000000 10.000000 10.000000 10.000000
mesh_tableau_mesh_custom_banner_tall 0 tableau_mesh_custom_banner_tall 0.000000 0.000000 0.000000 0.000000 0.000000 0.000000 10.000000 10.000000 10.000000
mesh_tableau_mesh_custom_banner_short 0 tableau_mesh_custom_banner_short 0.000000 0.000000 0.000000 0.000000 0.000000 0.000000 10.000000 10.000000 10.000000
mesh_tableau_mesh_shield_round_1 0 tableau_mesh_shield_round_1 0.000000 0.000000 0.000000 0.000000 0.000000 0.000000 10.000000 10.000000 10.000000
mesh_tableau_mesh_shield_round_2 0 tableau_mesh_shield_round_2 0.000000 0.000000 0.000000 0.000000 0.000000 0.000000 10.000000 10.000000 10.000000
mesh_tableau_mesh_shield_round_3 0 tableau_mesh_shield_round_3 0.000000 0.000000 0.000000 0.000000 0.000000 0.000000 10.000000 10.000000 10.000000
mesh_tableau_mesh_shield_round_4 0 tableau_mesh_shield_round_4 0.000000 0.000000 0.000000 0.000000 0.000000 0.000000 10.000000 10.000000 10.000000
mesh_tableau_mesh_shield_round_5 0 tableau_mesh_shield_round_5 0.000000 0.000000 0.000000 0.000000 0.000000 0.000000 10.000000 10.000000 10.000000
mesh_tableau_mesh_shield_small_round_1 0 tableau_mesh_shield_small_round_1 0.000000 0.000000 0.000000 0.000000 0.000000 0.000000 10.000000 10.000000 10.000000
mesh_tableau_mesh_shield_small_round_2 0 tableau_mesh_shield_small_round_2 0.000000 0.000000 0.000000 0.000000 0.000000 0.000000 10.000000 10.000000 10.000000
mesh_tableau_mesh_shield_small_round_3 0 tableau_mesh_shield_small_round_3 0.000000 0.000000 0.000000 0.000000 0.000000 0.000000 10.000000 10.000000 10.000000
mesh_tableau_mesh_shield_kite_1 0 tableau_mesh_shield_kite_1 0.000000 0.000000 0.000000 0.000000 0.000000 0.000000 10.000000 10.000000 10.000000
mesh_tableau_mesh_shield_kite_2 0 tableau_mesh_shield_kite_2 0.000000 0.000000 0.000000 0.000000 0.000000 0.000000 10.000000 10.000000 10.000000
mesh_tableau_mesh_shield_kite_3 0 tableau_mesh_shield_kite_3 0.000000 0.000000 0.000000 0.000000 0.000000 0.000000 10.000000 10.000000 10.000000
mesh_tableau_mesh_shield_kite_4 0 tableau_mesh_shield_kite_4 0.000000 0.000000 0.000000 0.000000 0.000000 0.000000 10.000000 10.000000 10.000000
mesh_tableau_mesh_shield_heater_1 0 tableau_mesh_shield_heater_1 0.000000 0.000000 0.000000 0.000000 0.000000 0.000000 10.000000 10.000000 10.000000
mesh_tableau_mesh_shield_heater_2 0 tableau_mesh_shield_heater_2 0.000000 0.000000 0.000000 0.000000 0.000000 0.000000 10.000000 10.000000 10.000000
mesh_tableau_mesh_shield_pavise_1 0 tableau_mesh_shield_pavise_1 0.000000 0.000000 0.000000 0.000000 0.000000 0.000000 10.000000 10.000000 10.000000
mesh_tableau_mesh_shield_pavise_2 0 tableau_mesh_shield_pavise_2 0.000000 0.000000 0.000000 0.000000 0.000000 0.000000 10.000000 10.000000 10.000000
mesh_heraldic_armor_bg 0 heraldic_armor_bg 0.000000 0.000000 0.000000 0.000000 0.000000 0.000000 10.000000 10.000000 10.000000
mesh_tableau_mesh_heraldic_armor_a 0 tableau_mesh_heraldic_armor_a 0.000000 0.000000 0.000000 0.000000 0.000000 0.000000 1.000000 1.000000 1.000000
mesh_tableau_mesh_heraldic_armor_b 0 tableau_mesh_heraldic_armor_b 0.000000 0.000000 0.000000 0.000000 0.000000 0.000000 1.000000 1.000000 1.000000
mesh_tableau_mesh_heraldic_armor_c 0 tableau_mesh_heraldic_armor_c 0.000000 0.000000 0.000000 0.000000 0.000000 0.000000 1.000000 1.000000 1.000000
mesh_tableau_mesh_heraldic_armor_d 0 tableau_mesh_heraldic_armor_d 0.000000 0.000000 0.000000 0.000000 0.000000 0.000000 1.000000 1.000000 1.000000
mesh_outer_terrain_plain_1 0 ter_border_a -90.000000 0.000000 0.000000 0.000000 0.000000 0.000000 1.000000 1.000000 1.000000
mesh_banner_a01 0 banner_a01 0.000000 0.000000 0.000000 -90.000000 0.000000 0.000000 1.000000 1.000000 1.000000
mesh_banner_a02 0 banner_a02 0.000000 0.000000 0.000000 -90.000000 0.000000 0.000000 1.000000 1.000000 1.000000
mesh_banner_a03 0 banner_a03 0.000000 0.000000 0.000000 -90.000000 0.000000 0.000000 1.000000 1.000000 1.000000
mesh_banner_a04 0 banner_a04 0.000000 0.000000 0.000000 -90.000000 0.000000 0.000000 1.000000 1.000000 1.000000
mesh_banner_a05 0 banner_a05 0.000000 0.000000 0.000000 -90.000000 0.000000 0.000000 1.000000 1.000000 1.000000
mesh_banner_a06 0 banner_a06 0.000000 0.000000 0.000000 -90.000000 0.000000 0.000000 1.000000 1.000000 1.000000
mesh_banner_a07 0 banner_a07 0.000000 0.000000 0.000000 -90.000000 0.000000 0.000000 1.000000 1.000000 1.000000
mesh_banner_a08 0 banner_a08 0.000000 0.000000 0.000000 -90.000000 0.000000 0.000000 1.000000 1.000000 1.000000
mesh_banner_a09 0 banner_a09 0.000000 0.000000 0.000000 -90.000000 0.000000 0.000000 1.000000 1.000000 1.000000
mesh_banner_a10 0 banner_a10 0.000000 0.000000 0.000000 -90.000000 0.000000 0.000000 1.000000 1.000000 1.000000
mesh_banner_a11 0 banner_a11 0.000000 0.000000 0.000000 -90.000000 0.000000 0.000000 1.000000 1.000000 1.000000
mesh_banner_a12 0 banner_a12 0.000000 0.000000 0.000000 -90.000000 0.000000 0.000000 1.000000 1.000000 1.000000
mesh_banner_a13 0 banner_a13 0.000000 0.000000 0.000000 -90.000000 0.000000 0.000000 1.000000 1.000000 1.000000
mesh_banner_a14 0 banner_a14 0.000000 0.000000 0.000000 -90.000000 0.000000 0.000000 1.000000 1.000000 1.000000
mesh_banner_a15 0 banner_f21 0.000000 0.000000 0.000000 -90.000000 0.000000 0.000000 1.000000 1.000000 1.000000
mesh_banner_a16 0 banner_a16 0.000000 0.000000 0.000000 -90.000000 0.000000 0.000000 1.000000 1.000000 1.000000
mesh_banner_a17 0 banner_a17 0.000000 0.000000 0.000000 -90.000000 0.000000 0.000000 1.000000 1.000000 1.000000
mesh_banner_a18 0 banner_a18 0.000000 0.000000 0.000000 -90.000000 0.000000 0.000000 1.000000 1.000000 1.000000
mesh_banner_a19 0 banner_a19 0.000000 0.000000 0.000000 -90.000000 0.000000 0.000000 1.000000 1.000000 1.000000
mesh_banner_a20 0 banner_a20 0.000000 0.000000 0.000000 -90.000000 0.000000 0.000000 1.000000 1.000000 1.000000
mesh_banner_a21 0 banner_a21 0.000000 0.000000 0.000000 -90.000000 0.000000 0.000000 1.000000 1.000000 1.000000
mesh_banner_b01 0 banner_b01 0.000000 0.000000 0.000000 -90.000000 0.000000 0.000000 1.000000 1.000000 1.000000
mesh_banner_b02 0 banner_b02 0.000000 0.000000 0.000000 -90.000000 0.000000 0.000000 1.000000 1.000000 1.000000
mesh_banner_b03 0 banner_b03 0.000000 0.000000 0.000000 -90.000000 0.000000 0.000000 1.000000 1.000000 1.000000
mesh_banner_b04 0 banner_b04 0.000000 0.000000 0.000000 -90.000000 0.000000 0.000000 1.000000 1.000000 1.000000
mesh_banner_b05 0 banner_b05 0.000000 0.000000 0.000000 -90.000000 0.000000 0.000000 1.000000 1.000000 1.000000
mesh_banner_b06 0 banner_b06 0.000000 0.000000 0.000000 -90.000000 0.000000 0.000000 1.000000 1.000000 1.000000
mesh_banner_b07 0 banner_b07 0.000000 0.000000 0.000000 -90.000000 0.000000 0.000000 1.000000 1.000000 1.000000
mesh_banner_b08 0 banner_b08 0.000000 0.000000 0.000000 -90.000000 0.000000 0.000000 1.000000 1.000000 1.000000
mesh_banner_b09 0 banner_b09 0.000000 0.000000 0.000000 -90.000000 0.000000 0.000000 1.000000 1.000000 1.000000
mesh_banner_b10 0 banner_b10 0.000000 0.000000 0.000000 -90.000000 0.000000 0.000000 1.000000 1.000000 1.000000
mesh_banner_b11 0 banner_b11 0.000000 0.000000 0.000000 -90.000000 0.000000 0.000000 1.000000 1.000000 1.000000
mesh_banner_b12 0 banner_b12 0.000000 0.000000 0.000000 -90.000000 0.000000 0.000000 1.000000 1.000000 1.000000
mesh_banner_b13 0 banner_b13 0.000000 0.000000 0.000000 -90.000000 0.000000 0.000000 1.000000 1.000000 1.000000
mesh_banner_b14 0 banner_b14 0.000000 0.000000 0.000000 -90.000000 0.000000 0.000000 1.000000 1.000000 1.000000
mesh_banner_b15 0 banner_b15 0.000000 0.000000 0.000000 -90.000000 0.000000 0.000000 1.000000 1.000000 1.000000
mesh_banner_b16 0 banner_b16 0.000000 0.000000 0.000000 -90.000000 0.000000 0.000000 1.000000 1.000000 1.000000
mesh_banner_b17 0 banner_b17 0.000000 0.000000 0.000000 -90.000000 0.000000 0.000000 1.000000 1.000000 1.000000
mesh_banner_b18 0 banner_b18 0.000000 0.000000 0.000000 -90.000000 0.000000 0.000000 1.000000 1.000000 1.000000
mesh_banner_b19 0 banner_b19 0.000000 0.000000 0.000000 -90.000000 0.000000 0.000000 1.000000 1.000000 1.000000
mesh_banner_b20 0 banner_b20 0.000000 0.000000 0.000000 -90.000000 0.000000 0.000000 1.000000 1.000000 1.000000
mesh_banner_b21 0 banner_b21 0.000000 0.000000 0.000000 -90.000000 0.000000 0.000000 1.000000 1.000000 1.000000
mesh_banner_c01 0 banner_c01 0.000000 0.000000 0.000000 -90.000000 0.000000 0.000000 1.000000 1.000000 1.000000
mesh_banner_c02 0 banner_c02 0.000000 0.000000 0.000000 -90.000000 0.000000 0.000000 1.000000 1.000000 1.000000
mesh_banner_c03 0 banner_c03 0.000000 0.000000 0.000000 -90.000000 0.000000 0.000000 1.000000 1.000000 1.000000
mesh_banner_c04 0 banner_c04 0.000000 0.000000 0.000000 -90.000000 0.000000 0.000000 1.000000 1.000000 1.000000
mesh_banner_c05 0 banner_c05 0.000000 0.000000 0.000000 -90.000000 0.000000 0.000000 1.000000 1.000000 1.000000
mesh_banner_c06 0 banner_c06 0.000000 0.000000 0.000000 -90.000000 0.000000 0.000000 1.000000 1.000000 1.000000
mesh_banner_c07 0 banner_c07 0.000000 0.000000 0.000000 -90.000000 0.000000 0.000000 1.000000 1.000000 1.000000
mesh_banner_c08 0 banner_c08 0.000000 0.000000 0.000000 -90.000000 0.000000 0.000000 1.000000 1.000000 1.000000
mesh_banner_c09 0 banner_c09 0.000000 0.000000 0.000000 -90.000000 0.000000 0.000000 1.000000 1.000000 1.000000
mesh_banner_c10 0 banner_c10 0.000000 0.000000 0.000000 -90.000000 0.000000 0.000000 1.000000 1.000000 1.000000
mesh_banner_c11 0 banner_c11 0.000000 0.000000 0.000000 -90.000000 0.000000 0.000000 1.000000 1.000000 1.000000
mesh_banner_c12 0 banner_c12 0.000000 0.000000 0.000000 -90.000000 0.000000 0.000000 1.000000 1.000000 1.000000
mesh_banner_c13 0 banner_c13 0.000000 0.000000 0.000000 -90.000000 0.000000 0.000000 1.000000 1.000000 1.000000
mesh_banner_c14 0 banner_c14 0.000000 0.000000 0.000000 -90.000000 0.000000 0.000000 1.000000 1.000000 1.000000
mesh_banner_c15 0 banner_c15 0.000000 0.000000 0.000000 -90.000000 0.000000 0.000000 1.000000 1.000000 1.000000
mesh_banner_c16 0 banner_c16 0.000000 0.000000 0.000000 -90.000000 0.000000 0.000000 1.000000 1.000000 1.000000
mesh_banner_c17 0 banner_c17 0.000000 0.000000 0.000000 -90.000000 0.000000 0.000000 1.000000 1.000000 1.000000
mesh_banner_c18 0 banner_c18 0.000000 0.000000 0.000000 -90.000000 0.000000 0.000000 1.000000 1.000000 1.000000
mesh_banner_c19 0 banner_c19 0.000000 0.000000 0.000000 -90.000000 0.000000 0.000000 1.000000 1.000000 1.000000
mesh_banner_c20 0 banner_c20 0.000000 0.000000 0.000000 -90.000000 0.000000 0.000000 1.000000 1.000000 1.000000
mesh_banner_c21 0 banner_c21 0.000000 0.000000 0.000000 -90.000000 0.000000 0.000000 1.000000 1.000000 1.000000
mesh_banner_d01 0 banner_d01 0.000000 0.000000 0.000000 -90.000000 0.000000 0.000000 1.000000 1.000000 1.000000
mesh_banner_d02 0 banner_d02 0.000000 0.000000 0.000000 -90.000000 0.000000 0.000000 1.000000 1.000000 1.000000
mesh_banner_d03 0 banner_d03 0.000000 0.000000 0.000000 -90.000000 0.000000 0.000000 1.000000 1.000000 1.000000
mesh_banner_d04 0 banner_d04 0.000000 0.000000 0.000000 -90.000000 0.000000 0.000000 1.000000 1.000000 1.000000
mesh_banner_d05 0 banner_d05 0.000000 0.000000 0.000000 -90.000000 0.000000 0.000000 1.000000 1.000000 1.000000
mesh_banner_d06 0 banner_d06 0.000000 0.000000 0.000000 -90.000000 0.000000 0.000000 1.000000 1.000000 1.000000
mesh_banner_d07 0 banner_d07 0.000000 0.000000 0.000000 -90.000000 0.000000 0.000000 1.000000 1.000000 1.000000
mesh_banner_d08 0 banner_d08 0.000000 0.000000 0.000000 -90.000000 0.000000 0.000000 1.000000 1.000000 1.000000
mesh_banner_d09 0 banner_d09 0.000000 0.000000 0.000000 -90.000000 0.000000 0.000000 1.000000 1.000000 1.000000
mesh_banner_d10 0 banner_d10 0.000000 0.000000 0.000000 -90.000000 0.000000 0.000000 1.000000 1.000000 1.000000
mesh_banner_d11 0 banner_d11 0.000000 0.000000 0.000000 -90.000000 0.000000 0.000000 1.000000 1.000000 1.000000
mesh_banner_d12 0 banner_d12 0.000000 0.000000 0.000000 -90.000000 0.000000 0.000000 1.000000 1.000000 1.000000
mesh_banner_d13 0 banner_d13 0.000000 0.000000 0.000000 -90.000000 0.000000 0.000000 1.000000 1.000000 1.000000
mesh_banner_d14 0 banner_d14 0.000000 0.000000 0.000000 -90.000000 0.000000 0.000000 1.000000 1.000000 1.000000
mesh_banner_d15 0 banner_d15 0.000000 0.000000 0.000000 -90.000000 0.000000 0.000000 1.000000 1.000000 1.000000
mesh_banner_d16 0 banner_d16 0.000000 0.000000 0.000000 -90.000000 0.000000 0.000000 1.000000 1.000000 1.000000
mesh_banner_d17 0 banner_d17 0.000000 0.000000 0.000000 -90.000000 0.000000 0.000000 1.000000 1.000000 1.000000
mesh_banner_d18 0 banner_d18 0.000000 0.000000 0.000000 -90.000000 0.000000 0.000000 1.000000 1.000000 1.000000
mesh_banner_d19 0 banner_d19 0.000000 0.000000 0.000000 -90.000000 0.000000 0.000000 1.000000 1.000000 1.000000
mesh_banner_d20 0 banner_d20 0.000000 0.000000 0.000000 -90.000000 0.000000 0.000000 1.000000 1.000000 1.000000
mesh_banner_d21 0 banner_d21 0.000000 0.000000 0.000000 -90.000000 0.000000 0.000000 1.000000 1.000000 1.000000
mesh_banner_e01 0 banner_e01 0.000000 0.000000 0.000000 -90.000000 0.000000 0.000000 1.000000 1.000000 1.000000
mesh_banner_e02 0 banner_e02 0.000000 0.000000 0.000000 -90.000000 0.000000 0.000000 1.000000 1.000000 1.000000
mesh_banner_e03 0 banner_e03 0.000000 0.000000 0.000000 -90.000000 0.000000 0.000000 1.000000 1.000000 1.000000
mesh_banner_e04 0 banner_e04 0.000000 0.000000 0.000000 -90.000000 0.000000 0.000000 1.000000 1.000000 1.000000
mesh_banner_e05 0 banner_e05 0.000000 0.000000 0.000000 -90.000000 0.000000 0.000000 1.000000 1.000000 1.000000
mesh_banner_e06 0 banner_e06 0.000000 0.000000 0.000000 -90.000000 0.000000 0.000000 1.000000 1.000000 1.000000
mesh_banner_e07 0 banner_e07 0.000000 0.000000 0.000000 -90.000000 0.000000 0.000000 1.000000 1.000000 1.000000
mesh_banner_e08 0 banner_e08 0.000000 0.000000 0.000000 -90.000000 0.000000 0.000000 1.000000 1.000000 1.000000
mesh_banner_e09 0 banner_e09 0.000000 0.000000 0.000000 -90.000000 0.000000 0.000000 1.000000 1.000000 1.000000
mesh_banner_e10 0 banner_e10 0.000000 0.000000 0.000000 -90.000000 0.000000 0.000000 1.000000 1.000000 1.000000
mesh_banner_e11 0 banner_e11 0.000000 0.000000 0.000000 -90.000000 0.000000 0.000000 1.000000 1.000000 1.000000
mesh_banner_e12 0 banner_e12 0.000000 0.000000 0.000000 -90.000000 0.000000 0.000000 1.000000 1.000000 1.000000
mesh_banner_e13 0 banner_e13 0.000000 0.000000 0.000000 -90.000000 0.000000 0.000000 1.000000 1.000000 1.000000
mesh_banner_e14 0 banner_e14 0.000000 0.000000 0.000000 -90.000000 0.000000 0.000000 1.000000 1.000000 1.000000
mesh_banner_e15 0 banner_e15 0.000000 0.000000 0.000000 -90.000000 0.000000 0.000000 1.000000 1.000000 1.000000
mesh_banner_e16 0 banner_e16 0.000000 0.000000 0.000000 -90.000000 0.000000 0.000000 1.000000 1.000000 1.000000
mesh_banner_e17 0 banner_e17 0.000000 0.000000 0.000000 -90.000000 0.000000 0.000000 1.000000 1.000000 1.000000
mesh_banner_e18 0 banner_e18 0.000000 0.000000 0.000000 -90.000000 0.000000 0.000000 1.000000 1.000000 1.000000
mesh_banner_e19 0 banner_e19 0.000000 0.000000 0.000000 -90.000000 0.000000 0.000000 1.000000 1.000000 1.000000
mesh_banner_e20 0 banner_e20 0.000000 0.000000 0.000000 -90.000000 0.000000 0.000000 1.000000 1.000000 1.000000
mesh_banner_e21 0 banner_e21 0.000000 0.000000 0.000000 -90.000000 0.000000 0.000000 1.000000 1.000000 1.000000
mesh_banner_f01 0 banner_f01 0.000000 0.000000 0.000000 -90.000000 0.000000 0.000000 1.000000 1.000000 1.000000
mesh_banner_f02 0 banner_f02 0.000000 0.000000 0.000000 -90.000000 0.000000 0.000000 1.000000 1.000000 1.000000
mesh_banner_f03 0 banner_f03 0.000000 0.000000 0.000000 -90.000000 0.000000 0.000000 1.000000 1.000000 1.000000
mesh_banner_f04 0 banner_f04 0.000000 0.000000 0.000000 -90.000000 0.000000 0.000000 1.000000 1.000000 1.000000
mesh_banner_f05 0 banner_f05 0.000000 0.000000 0.000000 -90.000000 0.000000 0.000000 1.000000 1.000000 1.000000
mesh_banner_f06 0 banner_f06 0.000000 0.000000 0.000000 -90.000000 0.000000 0.000000 1.000000 1.000000 1.000000
mesh_banner_f07 0 banner_f07 0.000000 0.000000 0.000000 -90.000000 0.000000 0.000000 1.000000 1.000000 1.000000
mesh_banner_f08 0 banner_f08 0.000000 0.000000 0.000000 -90.000000 0.000000 0.000000 1.000000 1.000000 1.000000
mesh_banner_f09 0 banner_f09 0.000000 0.000000 0.000000 -90.000000 0.000000 0.000000 1.000000 1.000000 1.000000
mesh_banner_f10 0 banner_f10 0.000000 0.000000 0.000000 -90.000000 0.000000 0.000000 1.000000 1.000000 1.000000
mesh_banner_f11 0 banner_f11 0.000000 0.000000 0.000000 -90.000000 0.000000 0.000000 1.000000 1.000000 1.000000
mesh_banner_f12 0 banner_f12 0.000000 0.000000 0.000000 -90.000000 0.000000 0.000000 1.000000 1.000000 1.000000
mesh_banner_f13 0 banner_f13 0.000000 0.000000 0.000000 -90.000000 0.000000 0.000000 1.000000 1.000000 1.000000
mesh_banner_f14 0 banner_f14 0.000000 0.000000 0.000000 -90.000000 0.000000 0.000000 1.000000 1.000000 1.000000
mesh_banner_f15 0 banner_f15 0.000000 0.000000 0.000000 -90.000000 0.000000 0.000000 1.000000 1.000000 1.000000
mesh_banner_f16 0 banner_f16 0.000000 0.000000 0.000000 -90.000000 0.000000 0.000000 1.000000 1.000000 1.000000
mesh_banner_f17 0 banner_f17 0.000000 0.000000 0.000000 -90.000000 0.000000 0.000000 1.000000 1.000000 1.000000
mesh_banner_f18 0 banner_f18 0.000000 0.000000 0.000000 -90.000000 0.000000 0.000000 1.000000 1.000000 1.000000
mesh_banner_f19 0 banner_f19 0.000000 0.000000 0.000000 -90.000000 0.000000 0.000000 1.000000 1.000000 1.000000
mesh_banner_f20 0 banner_f20 0.000000 0.000000 0.000000 -90.000000 0.000000 0.000000 1.000000 1.000000 1.000000
mesh_banner_g01 0 banner_f01 0.000000 0.000000 0.000000 -90.000000 0.000000 0.000000 1.000000 1.000000 1.000000
mesh_banner_g02 0 banner_f02 0.000000 0.000000 0.000000 -90.000000 0.000000 0.000000 1.000000 1.000000 1.000000
mesh_banner_g03 0 banner_f03 0.000000 0.000000 0.000000 -90.000000 0.000000 0.000000 1.000000 1.000000 1.000000
mesh_banner_g04 0 banner_f04 0.000000 0.000000 0.000000 -90.000000 0.000000 0.000000 1.000000 1.000000 1.000000
mesh_banner_g05 0 banner_f05 0.000000 0.000000 0.000000 -90.000000 0.000000 0.000000 1.000000 1.000000 1.000000
mesh_banner_g06 0 banner_f06 0.000000 0.000000 0.000000 -90.000000 0.000000 0.000000 1.000000 1.000000 1.000000
mesh_banner_g07 0 banner_f07 0.000000 0.000000 0.000000 -90.000000 0.000000 0.000000 1.000000 1.000000 1.000000
mesh_banner_g08 0 banner_f08 0.000000 0.000000 0.000000 -90.000000 0.000000 0.000000 1.000000 1.000000 1.000000
mesh_banner_g09 0 banner_f09 0.000000 0.000000 0.000000 -90.000000 0.000000 0.000000 1.000000 1.000000 1.000000
mesh_banner_g10 0 banner_f10 0.000000 0.000000 0.000000 -90.000000 0.000000 0.000000 1.000000 1.000000 1.000000
mesh_banner_kingdom_a 0 banner_kingdom_a 0.000000 0.000000 0.000000 -90.000000 0.000000 0.000000 1.000000 1.000000 1.000000
mesh_banner_kingdom_b 0 banner_kingdom_b 0.000000 0.000000 0.000000 -90.000000 0.000000 0.000000 1.000000 1.000000 1.000000
mesh_banner_kingdom_c 0 banner_kingdom_c 0.000000 0.000000 0.000000 -90.000000 0.000000 0.000000 1.000000 1.000000 1.000000
mesh_banner_kingdom_d 0 banner_kingdom_d 0.000000 0.000000 0.000000 -90.000000 0.000000 0.000000 1.000000 1.000000 1.000000
mesh_banner_kingdom_e 0 banner_kingdom_e 0.000000 0.000000 0.000000 -90.000000 0.000000 0.000000 1.000000 1.000000 1.000000
mesh_banner_kingdom_f 0 banner_kingdom_f 0.000000 0.000000 0.000000 -90.000000 0.000000 0.000000 1.000000 1.000000 1.000000
mesh_banner_f21 0 banner_a15 0.000000 0.000000 0.000000 -90.000000 0.000000 0.000000 1.000000 1.000000 1.000000
mesh_arms_a01 0 arms_a01 0.000000 0.000000 0.000000 -90.000000 0.000000 0.000000 1.000000 1.000000 1.000000
mesh_arms_a02 0 arms_a02 0.000000 0.000000 0.000000 -90.000000 0.000000 0.000000 1.000000 1.000000 1.000000
mesh_arms_a03 0 arms_a03 0.000000 0.000000 0.000000 -90.000000 0.000000 0.000000 1.000000 1.000000 1.000000
mesh_arms_a04 0 arms_a04 0.000000 0.000000 0.000000 -90.000000 0.000000 0.000000 1.000000 1.000000 1.000000
mesh_arms_a05 0 banner_a05 0.000000 0.000000 0.000000 -90.000000 0.000000 0.000000 1.000000 1.000000 1.000000
mesh_arms_a06 0 arms_a06 0.000000 0.000000 0.000000 -90.000000 0.000000 0.000000 1.000000 1.000000 1.000000
mesh_arms_a07 0 banner_a07 0.000000 0.000000 0.000000 -90.000000 0.000000 0.000000 1.000000 1.000000 1.000000
mesh_arms_a08 0 arms_a08 0.000000 0.000000 0.000000 -90.000000 0.000000 0.000000 1.000000 1.000000 1.000000
mesh_arms_a09 0 banner_a09 0.000000 0.000000 0.000000 -90.000000 0.000000 0.000000 1.000000 1.000000 1.000000
mesh_arms_a10 0 banner_a10 0.000000 0.000000 0.000000 -90.000000 0.000000 0.000000 1.000000 1.000000 1.000000
mesh_arms_a11 0 banner_a11 0.000000 0.000000 0.000000 -90.000000 0.000000 0.000000 1.000000 1.000000 1.000000
mesh_arms_a12 0 arms_a12 0.000000 0.000000 0.000000 -90.000000 0.000000 0.000000 1.000000 1.000000 1.000000
mesh_arms_a13 0 arms_a13 0.000000 0.000000 0.000000 -90.000000 0.000000 0.000000 1.000000 1.000000 1.000000
mesh_arms_a14 0 banner_a14 0.000000 0.000000 0.000000 -90.000000 0.000000 0.000000 1.000000 1.000000 1.000000
mesh_arms_a15 0 banner_f21 0.000000 0.000000 0.000000 -90.000000 0.000000 0.000000 1.000000 1.000000 1.000000
mesh_arms_a16 0 arms_a16 0.000000 0.000000 0.000000 -90.000000 0.000000 0.000000 1.000000 1.000000 1.000000
mesh_arms_a17 0 arms_a17 0.000000 0.000000 0.000000 -90.000000 0.000000 0.000000 1.000000 1.000000 1.000000
mesh_arms_a18 0 arms_a18 0.000000 0.000000 0.000000 -90.000000 0.000000 0.000000 1.000000 1.000000 1.000000
mesh_arms_a19 0 arms_a19 0.000000 0.000000 0.000000 -90.000000 0.000000 0.000000 1.000000 1.000000 1.000000
mesh_arms_a20 0 arms_a20 0.000000 0.000000 0.000000 -90.000000 0.000000 0.000000 1.000000 1.000000 1.000000
mesh_arms_a21 0 arms_a21 0.000000 0.000000 0.000000 -90.000000 0.000000 0.000000 1.000000 1.000000 1.000000
mesh_arms_b01 0 arms_b01 0.000000 0.000000 0.000000 -90.000000 0.000000 0.000000 1.000000 1.000000 1.000000
mesh_arms_b02 0 arms_b02 0.000000 0.000000 0.000000 -90.000000 0.000000 0.000000 1.000000 1.000000 1.000000
mesh_arms_b03 0 banner_b03 0.000000 0.000000 0.000000 -90.000000 0.000000 0.000000 1.000000 1.000000 1.000000
mesh_arms_b04 0 banner_b04 0.000000 0.000000 0.000000 -90.000000 0.000000 0.000000 1.000000 1.000000 1.000000
mesh_arms_b05 0 arms_b05 0.000000 0.000000 0.000000 -90.000000 0.000000 0.000000 1.000000 1.000000 1.000000
mesh_arms_b06 0 arms_b06 0.000000 0.000000 0.000000 -90.000000 0.000000 0.000000 1.000000 1.000000 1.000000
mesh_arms_b07 0 arms_b07 0.000000 0.000000 0.000000 -90.000000 0.000000 0.000000 1.000000 1.000000 1.000000
mesh_arms_b08 0 arms_b08 0.000000 0.000000 0.000000 -90.000000 0.000000 0.000000 1.000000 1.000000 1.000000
mesh_arms_b09 0 arms_b09 0.000000 0.000000 0.000000 -90.000000 0.000000 0.000000 1.000000 1.000000 1.000000
mesh_arms_b10 0 arms_b10 0.000000 0.000000 0.000000 -90.000000 0.000000 0.000000 1.000000 1.000000 1.000000
mesh_arms_b11 0 banner_b11 0.000000 0.000000 0.000000 -90.000000 0.000000 0.000000 1.000000 1.000000 1.000000
mesh_arms_b12 0 banner_b12 0.000000 0.000000 0.000000 -90.000000 0.000000 0.000000 1.000000 1.000000 1.000000
mesh_arms_b13 0 banner_b13 0.000000 0.000000 0.000000 -90.000000 0.000000 0.000000 1.000000 1.000000 1.000000
mesh_arms_b14 0 arms_b14 0.000000 0.000000 0.000000 -90.000000 0.000000 0.000000 1.000000 1.000000 1.000000
mesh_arms_b15 0 arms_b15 0.000000 0.000000 0.000000 -90.000000 0.000000 0.000000 1.000000 1.000000 1.000000
mesh_arms_b16 0 arms_b16 0.000000 0.000000 0.000000 -90.000000 0.000000 0.000000 1.000000 1.000000 1.000000
mesh_arms_b17 0 banner_b17 0.000000 0.000000 0.000000 -90.000000 0.000000 0.000000 1.000000 1.000000 1.000000
mesh_arms_b18 0 arms_b18 0.000000 0.000000 0.000000 -90.000000 0.000000 0.000000 1.000000 1.000000 1.000000
mesh_arms_b19 0 banner_b19 0.000000 0.000000 0.000000 -90.000000 0.000000 0.000000 1.000000 1.000000 1.000000
mesh_arms_b20 0 arms_b20 0.000000 0.000000 0.000000 -90.000000 0.000000 0.000000 1.000000 1.000000 1.000000
mesh_arms_b21 0 banner_b21 0.000000 0.000000 0.000000 -90.000000 0.000000 0.000000 1.000000 1.000000 1.000000
mesh_arms_c01 0 arms_c01 0.000000 0.000000 0.000000 -90.000000 0.000000 0.000000 1.000000 1.000000 1.000000
mesh_arms_c02 0 banner_c02 0.000000 0.000000 0.000000 -90.000000 0.000000 0.000000 1.000000 1.000000 1.000000
mesh_arms_c03 0 banner_c03 0.000000 0.000000 0.000000 -90.000000 0.000000 0.000000 1.000000 1.000000 1.000000
mesh_arms_c04 0 arms_c04 0.000000 0.000000 0.000000 -90.000000 0.000000 0.000000 1.000000 1.000000 1.000000
mesh_arms_c05 0 banner_c05 0.000000 0.000000 0.000000 -90.000000 0.000000 0.000000 1.000000 1.000000 1.000000
mesh_arms_c06 0 arms_c06 0.000000 0.000000 0.000000 -90.000000 0.000000 0.000000 1.000000 1.000000 1.000000
mesh_arms_c07 0 arms_c07 0.000000 0.000000 0.000000 -90.000000 0.000000 0.000000 1.000000 1.000000 1.000000
mesh_arms_c08 0 banner_c08 0.000000 0.000000 0.000000 -90.000000 0.000000 0.000000 1.000000 1.000000 1.000000
mesh_arms_c09 0 banner_c09 0.000000 0.000000 0.000000 -90.000000 0.000000 0.000000 1.000000 1.000000 1.000000
mesh_arms_c10 0 arms_c10 0.000000 0.000000 0.000000 -90.000000 0.000000 0.000000 1.000000 1.000000 1.000000
mesh_arms_c11 0 banner_c11 0.000000 0.000000 0.000000 -90.000000 0.000000 0.000000 1.000000 1.000000 1.000000
mesh_arms_c12 0 arms_c12 0.000000 0.000000 0.000000 -90.000000 0.000000 0.000000 1.000000 1.000000 1.000000
mesh_arms_c13 0 arms_c13 0.000000 0.000000 0.000000 -90.000000 0.000000 0.000000 1.000000 1.000000 1.000000
mesh_arms_c14 0 arms_c14 0.000000 0.000000 0.000000 -90.000000 0.000000 0.000000 1.000000 1.000000 1.000000
mesh_arms_c15 0 banner_c15 0.000000 0.000000 0.000000 -90.000000 0.000000 0.000000 1.000000 1.000000 1.000000
mesh_arms_c16 0 arms_c16 0.000000 0.000000 0.000000 -90.000000 0.000000 0.000000 1.000000 1.000000 1.000000
mesh_arms_c17 0 banner_c17 0.000000 0.000000 0.000000 -90.000000 0.000000 0.000000 1.000000 1.000000 1.000000
mesh_arms_c18 0 banner_c18 0.000000 0.000000 0.000000 -90.000000 0.000000 0.000000 1.000000 1.000000 1.000000
mesh_arms_c19 0 arms_c19 0.000000 0.000000 0.000000 -90.000000 0.000000 0.000000 1.000000 1.000000 1.000000
mesh_arms_c20 0 banner_c20 0.000000 0.000000 0.000000 -90.000000 0.000000 0.000000 1.000000 1.000000 1.000000
mesh_arms_c21 0 banner_c21 0.000000 0.000000 0.000000 -90.000000 0.000000 0.000000 1.000000 1.000000 1.000000
mesh_arms_d01 0 banner_d01 0.000000 0.000000 0.000000 -90.000000 0.000000 0.000000 1.000000 1.000000 1.000000
mesh_arms_d02 0 arms_d02 0.000000 0.000000 0.000000 -90.000000 0.000000 0.000000 1.000000 1.000000 1.000000
mesh_arms_d03 0 arms_d03 0.000000 0.000000 0.000000 -90.000000 0.000000 0.000000 1.000000 1.000000 1.000000
mesh_arms_d04 0 arms_d04 0.000000 0.000000 0.000000 -90.000000 0.000000 0.000000 1.000000 1.000000 1.000000
mesh_arms_d05 0 banner_d05 0.000000 0.000000 0.000000 -90.000000 0.000000 0.000000 1.000000 1.000000 1.000000
mesh_arms_d06 0 arms_d06 0.000000 0.000000 0.000000 -90.000000 0.000000 0.000000 1.000000 1.000000 1.000000
mesh_arms_d07 0 arms_d07 0.000000 0.000000 0.000000 -90.000000 0.000000 0.000000 1.000000 1.000000 1.000000
mesh_arms_d08 0 arms_d08 0.000000 0.000000 0.000000 -90.000000 0.000000 0.000000 1.000000 1.000000 1.000000
mesh_arms_d09 0 arms_d09 0.000000 0.000000 0.000000 -90.000000 0.000000 0.000000 1.000000 1.000000 1.000000
mesh_arms_d10 0 banner_d10 0.000000 0.000000 0.000000 -90.000000 0.000000 0.000000 1.000000 1.000000 1.000000
mesh_arms_d11 0 arms_d11 0.000000 0.000000 0.000000 -90.000000 0.000000 0.000000 1.000000 1.000000 1.000000
mesh_arms_d12 0 arms_d12 0.000000 0.000000 0.000000 -90.000000 0.000000 0.000000 1.000000 1.000000 1.000000
mesh_arms_d13 0 arms_d13 0.000000 0.000000 0.000000 -90.000000 0.000000 0.000000 1.000000 1.000000 1.000000
mesh_arms_d14 0 arms_d14 0.000000 0.000000 0.000000 -90.000000 0.000000 0.000000 1.000000 1.000000 1.000000
mesh_arms_d15 0 arms_d15 0.000000 0.000000 0.000000 -90.000000 0.000000 0.000000 1.000000 1.000000 1.000000
mesh_arms_d16 0 arms_d16 0.000000 0.000000 0.000000 -90.000000 0.000000 0.000000 1.000000 1.000000 1.000000
mesh_arms_d17 0 arms_d17 0.000000 0.000000 0.000000 -90.000000 0.000000 0.000000 1.000000 1.000000 1.000000
mesh_arms_d18 0 arms_d18 0.000000 0.000000 0.000000 -90.000000 0.000000 0.000000 1.000000 1.000000 1.000000
mesh_arms_d19 0 arms_d19 0.000000 0.000000 0.000000 -90.000000 0.000000 0.000000 1.000000 1.000000 1.000000
mesh_arms_d20 0 arms_d20 0.000000 0.000000 0.000000 -90.000000 0.000000 0.000000 1.000000 1.000000 1.000000
mesh_arms_d21 0 arms_d21 0.000000 0.000000 0.000000 -90.000000 0.000000 0.000000 1.000000 1.000000 1.000000
mesh_arms_e01 0 banner_e01 0.000000 0.000000 0.000000 -90.000000 0.000000 0.000000 1.000000 1.000000 1.000000
mesh_arms_e02 0 arms_e02 0.000000 0.000000 0.000000 -90.000000 0.000000 0.000000 1.000000 1.000000 1.000000
mesh_arms_e03 0 banner_e03 0.000000 0.000000 0.000000 -90.000000 0.000000 0.000000 1.000000 1.000000 1.000000
mesh_arms_e04 0 banner_e04 0.000000 0.000000 0.000000 -90.000000 0.000000 0.000000 1.000000 1.000000 1.000000
mesh_arms_e05 0 banner_e05 0.000000 0.000000 0.000000 -90.000000 0.000000 0.000000 1.000000 1.000000 1.000000
mesh_arms_e06 0 banner_e06 0.000000 0.000000 0.000000 -90.000000 0.000000 0.000000 1.000000 1.000000 1.000000
mesh_arms_e07 0 banner_e07 0.000000 0.000000 0.000000 -90.000000 0.000000 0.000000 1.000000 1.000000 1.000000
mesh_arms_e08 0 banner_e08 0.000000 0.000000 0.000000 -90.000000 0.000000 0.000000 1.000000 1.000000 1.000000
mesh_arms_e09 0 banner_e09 0.000000 0.000000 0.000000 -90.000000 0.000000 0.000000 1.000000 1.000000 1.000000
mesh_arms_e10 0 banner_e10 0.000000 0.000000 0.000000 -90.000000 0.000000 0.000000 1.000000 1.000000 1.000000
mesh_arms_e11 0 banner_e11 0.000000 0.000000 0.000000 -90.000000 0.000000 0.000000 1.000000 1.000000 1.000000
mesh_arms_e12 0 banner_e12 0.000000 0.000000 0.000000 -90.000000 0.000000 0.000000 1.000000 1.000000 1.000000
mesh_arms_e13 0 banner_e13 0.000000 0.000000 0.000000 -90.000000 0.000000 0.000000 1.000000 1.000000 1.000000
mesh_arms_e14 0 banner_e14 0.000000 0.000000 0.000000 -90.000000 0.000000 0.000000 1.000000 1.000000 1.000000
mesh_arms_e15 0 banner_e15 0.000000 0.000000 0.000000 -90.000000 0.000000 0.000000 1.000000 1.000000 1.000000
mesh_arms_e16 0 banner_e16 0.000000 0.000000 0.000000 -90.000000 0.000000 0.000000 1.000000 1.000000 1.000000
mesh_arms_e17 0 banner_e17 0.000000 0.000000 0.000000 -90.000000 0.000000 0.000000 1.000000 1.000000 1.000000
mesh_arms_e18 0 banner_e18 0.000000 0.000000 0.000000 -90.000000 0.000000 0.000000 1.000000 1.000000 1.000000
mesh_arms_e19 0 banner_e19 0.000000 0.000000 0.000000 -90.000000 0.000000 0.000000 1.000000 1.000000 1.000000
mesh_arms_e20 0 banner_e20 0.000000 0.000000 0.000000 -90.000000 0.000000 0.000000 1.000000 1.000000 1.000000
mesh_arms_e21 0 banner_e21 0.000000 0.000000 0.000000 -90.000000 0.000000 0.000000 1.000000 1.000000 1.000000
mesh_arms_f01 0 banner_f01 0.000000 0.000000 0.000000 -90.000000 0.000000 0.000000 1.000000 1.000000 1.000000
mesh_arms_f02 0 banner_f02 0.000000 0.000000 0.000000 -90.000000 0.000000 0.000000 1.000000 1.000000 1.000000
mesh_arms_f03 0 banner_f03 0.000000 0.000000 0.000000 -90.000000 0.000000 0.000000 1.000000 1.000000 1.000000
mesh_arms_f04 0 banner_f04 0.000000 0.000000 0.000000 -90.000000 0.000000 0.000000 1.000000 1.000000 1.000000
mesh_arms_f05 0 banner_f05 0.000000 0.000000 0.000000 -90.000000 0.000000 0.000000 1.000000 1.000000 1.000000
mesh_arms_f06 0 banner_f06 0.000000 0.000000 0.000000 -90.000000 0.000000 0.000000 1.000000 1.000000 1.000000
mesh_arms_f07 0 banner_f07 0.000000 0.000000 0.000000 -90.000000 0.000000 0.000000 1.000000 1.000000 1.000000
mesh_arms_f08 0 banner_f08 0.000000 0.000000 0.000000 -90.000000 0.000000 0.000000 1.000000 1.000000 1.000000
mesh_arms_f09 0 banner_f09 0.000000 0.000000 0.000000 -90.000000 0.000000 0.000000 1.000000 1.000000 1.000000
mesh_arms_f10 0 banner_f10 0.000000 0.000000 0.000000 -90.000000 0.000000 0.000000 1.000000 1.000000 1.000000
mesh_arms_f11 0 banner_f11 0.000000 0.000000 0.000000 -90.000000 0.000000 0.000000 1.000000 1.000000 1.000000
mesh_arms_f12 0 banner_f12 0.000000 0.000000 0.000000 -90.000000 0.000000 0.000000 1.000000 1.000000 1.000000
mesh_arms_f13 0 banner_f13 0.000000 0.000000 0.000000 -90.000000 0.000000 0.000000 1.000000 1.000000 1.000000
mesh_arms_f14 0 banner_f14 0.000000 0.000000 0.000000 -90.000000 0.000000 0.000000 1.000000 1.000000 1.000000
mesh_arms_f15 0 banner_f15 0.000000 0.000000 0.000000 -90.000000 0.000000 0.000000 1.000000 1.000000 1.000000
mesh_arms_f16 0 banner_f16 0.000000 0.000000 0.000000 -90.000000 0.000000 0.000000 1.000000 1.000000 1.000000
mesh_arms_f17 0 banner_f17 0.000000 0.000000 0.000000 -90.000000 0.000000 0.000000 1.000000 1.000000 1.000000
mesh_arms_f18 0 banner_f18 0.000000 0.000000 0.000000 -90.000000 0.000000 0.000000 1.000000 1.000000 1.000000
mesh_arms_f19 0 banner_f19 0.000000 0.000000 0.000000 -90.000000 0.000000 0.000000 1.000000 1.000000 1.000000
mesh_arms_f20 0 banner_f20 0.000000 0.000000 0.000000 -90.000000 0.000000 0.000000 1.000000 1.000000 1.000000
mesh_arms_g01 0 banner_f01 0.000000 0.000000 0.000000 -90.000000 0.000000 0.000000 1.000000 1.000000 1.000000
mesh_arms_g02 0 banner_f02 0.000000 0.000000 0.000000 -90.000000 0.000000 0.000000 1.000000 1.000000 1.000000
mesh_arms_g03 0 banner_f03 0.000000 0.000000 0.000000 -90.000000 0.000000 0.000000 1.000000 1.000000 1.000000
mesh_arms_g04 0 banner_f04 0.000000 0.000000 0.000000 -90.000000 0.000000 0.000000 1.000000 1.000000 1.000000
mesh_arms_g05 0 banner_f05 0.000000 0.000000 0.000000 -90.000000 0.000000 0.000000 1.000000 1.000000 1.000000
mesh_arms_g06 0 banner_f06 0.000000 0.000000 0.000000 -90.000000 0.000000 0.000000 1.000000 1.000000 1.000000
mesh_arms_g07 0 banner_f07 0.000000 0.000000 0.000000 -90.000000 0.000000 0.000000 1.000000 1.000000 1.000000
mesh_arms_g08 0 banner_f08 0.000000 0.000000 0.000000 -90.000000 0.000000 0.000000 1.000000 1.000000 1.000000
mesh_arms_g09 0 banner_f09 0.000000 0.000000 0.000000 -90.000000 0.000000 0.000000 1.000000 1.000000 1.000000
mesh_arms_g10 0 banner_f10 0.000000 0.000000 0.000000 -90.000000 0.000000 0.000000 1.000000 1.000000 1.000000
mesh_arms_kingdom_a 0 banner_kingdom_a 0.000000 0.000000 0.000000 -90.000000 0.000000 0.000000 1.000000 1.000000 1.000000
mesh_arms_kingdom_b 0 banner_kingdom_b 0.000000 0.000000 0.000000 -90.000000 0.000000 0.000000 1.000000 1.000000 1.000000
mesh_arms_kingdom_c 0 banner_kingdom_c 0.000000 0.000000 0.000000 -90.000000 0.000000 0.000000 1.000000 1.000000 1.000000
mesh_arms_kingdom_d 0 banner_kingdom_d 0.000000 0.000000 0.000000 -90.000000 0.000000 0.000000 1.000000 1.000000 1.000000
mesh_arms_kingdom_e 0 banner_kingdom_e 0.000000 0.000000 0.000000 -90.000000 0.000000 0.000000 1.000000 1.000000 1.000000
mesh_arms_kingdom_f 0 banner_kingdom_f 0.000000 0.000000 0.000000 -90.000000 0.000000 0.000000 1.000000 1.000000 1.000000
mesh_arms_f21 0 banner_a15 0.000000 0.000000 0.000000 -90.000000 0.000000 0.000000 1.000000 1.000000 1.000000
mesh_banners_default_a 0 banners_default_a 0.000000 0.000000 0.000000 -90.000000 0.000000 0.000000 1.000000 1.000000 1.000000
mesh_banners_default_b 0 banners_default_b 0.000000 0.000000 0.000000 -90.000000 0.000000 0.000000 1.000000 1.000000 1.000000
mesh_banners_default_c 0 banners_default_c 0.000000 0.000000 0.000000 -90.000000 0.000000 0.000000 1.000000 1.000000 1.000000
mesh_banners_default_d 0 banners_default_d 0.000000 0.000000 0.000000 -90.000000 0.000000 0.000000 1.000000 1.000000 1.000000
mesh_banners_default_e 0 banners_default_e 0.000000 0.000000 0.000000 -90.000000 0.000000 0.000000 1.000000 1.000000 1.000000
mesh_troop_label_banner 0 troop_label_banner 0.000000 0.000000 0.000000 0.000000 0.000000 0.000000 10.000000 10.000000 10.000000
mesh_ui_kingdom_shield_1 0 ui_kingdom_shield_1 0.000000 0.000000 0.000000 0.000000 0.000000 0.000000 1.000000 1.000000 1.000000
mesh_ui_kingdom_shield_2 0 ui_kingdom_shield_2 0.000000 0.000000 0.000000 0.000000 0.000000 0.000000 1.000000 1.000000 1.000000
mesh_ui_kingdom_shield_3 0 ui_kingdom_shield_3 0.000000 0.000000 0.000000 0.000000 0.000000 0.000000 1.000000 1.000000 1.000000
mesh_ui_kingdom_shield_4 0 ui_kingdom_shield_4 0.000000 0.000000 0.000000 0.000000 0.000000 0.000000 1.000000 1.000000 1.000000
mesh_ui_kingdom_shield_5 0 ui_kingdom_shield_5 0.000000 0.000000 0.000000 0.000000 0.000000 0.000000 1.000000 1.000000 1.000000
mesh_ui_kingdom_shield_6 0 ui_kingdom_shield_6 0.000000 0.000000 0.000000 0.000000 0.000000 0.000000 1.000000 1.000000 1.000000
mesh_mouse_arrow_down 0 mouse_arrow_down 0.000000 0.000000 0.000000 0.000000 0.000000 0.000000 1.000000 1.000000 1.000000
mesh_mouse_arrow_right 0 mouse_arrow_right 0.000000 0.000000 0.000000 0.000000 0.000000 0.000000 1.000000 1.000000 1.000000
mesh_mouse_arrow_left 0 mouse_arrow_left 0.000000 0.000000 0.000000 0.000000 0.000000 0.000000 1.000000 1.000000 1.000000
mesh_mouse_arrow_up 0 mouse_arrow_up 0.000000 0.000000 0.000000 0.000000 0.000000 0.000000 1.000000 1.000000 1.000000
mesh_mouse_arrow_plus 0 mouse_arrow_plus 0.000000 0.000000 0.000000 0.000000 0.000000 0.000000 1.000000 1.000000 1.000000
mesh_mouse_left_click 0 mouse_left_click 0.000000 0.000000 0.000000 0.000000 0.000000 0.000000 1.000000 1.000000 1.000000
mesh_mouse_right_click 0 mouse_right_click 0.000000 0.000000 0.000000 0.000000 0.000000 0.000000 1.000000 1.000000 1.000000
mesh_status_ammo_ready 0 status_ammo_ready 0.000000 0.000000 0.000000 0.000000 0.000000 0.000000 1.000000 1.000000 1.000000
mesh_main_menu_background 0 main_menu_nord 0.000000 0.000000 0.000000 0.000000 0.000000 0.000000 1.000000 1.000000 1.000000
mesh_loading_background 0 load_screen_2 0.000000 0.000000 0.000000 0.000000 0.000000 0.000000 1.000000 1.000000 1.000000
mesh_ui_quick_battle_a 0 ui_quick_battle_a 0.000000 0.000000 0.000000 0.000000 0.000000 0.000000 1.000000 1.000000 1.000000
mesh_white_bg_plane_a 0 white_bg_plane_a 0.000000 0.000000 0.000000 0.000000 0.000000 0.000000 1.000000 1.000000 1.000000
mesh_cb_ui_icon_infantry 0 cb_ui_icon_infantry 0.000000 0.000000 0.000000 0.000000 0.000000 0.000000 1.000000 1.000000 1.000000
mesh_cb_ui_icon_archer 0 cb_ui_icon_archer 0.000000 0.000000 0.000000 0.000000 0.000000 0.000000 1.000000 1.000000 1.000000
mesh_cb_ui_icon_horseman 0 cb_ui_icon_horseman 0.000000 0.000000 0.000000 0.000000 0.000000 0.000000 1.000000 1.000000 1.000000
mesh_cb_ui_main 0 cb_ui_main 0.000000 0.000000 0.000000 0.000000 0.000000 0.000000 1.000000 1.000000 1.000000
mesh_cb_ui_maps_scene_01 0 cb_ui_maps_scene_01 0.000000 0.000000 0.000000 0.000000 0.000000 0.000000 1.000000 1.000000 1.000000
mesh_cb_ui_maps_scene_02 0 cb_ui_maps_scene_02 0.000000 0.000000 0.000000 0.000000 0.000000 0.000000 1.000000 1.000000 1.000000
mesh_cb_ui_maps_scene_03 0 cb_ui_maps_scene_03 0.000000 0.000000 0.000000 0.000000 0.000000 0.000000 1.000000 1.000000 1.000000
mesh_cb_ui_maps_scene_04 0 cb_ui_maps_scene_04 0.000000 0.000000 0.000000 0.000000 0.000000 0.000000 1.000000 1.000000 1.000000
mesh_cb_ui_maps_scene_05 0 cb_ui_maps_scene_05 0.000000 0.000000 0.000000 0.000000 0.000000 0.000000 1.000000 1.000000 1.000000
mesh_cb_ui_maps_scene_06 0 cb_ui_maps_scene_06 0.000000 0.000000 0.000000 0.000000 0.000000 0.000000 1.000000 1.000000 1.000000
mesh_cb_ui_maps_scene_07 0 cb_ui_maps_scene_07 0.000000 0.000000 0.000000 0.000000 0.000000 0.000000 1.000000 1.000000 1.000000
mesh_cb_ui_maps_scene_08 0 cb_ui_maps_scene_08 0.000000 0.000000 0.000000 0.000000 0.000000 0.000000 1.000000 1.000000 1.000000
mesh_cb_ui_maps_scene_09 0 cb_ui_maps_scene_09 0.000000 0.000000 0.000000 0.000000 0.000000 0.000000 1.000000 1.000000 1.000000
mesh_mp_ui_host_maps_14 0 mp_ui_host_maps_c4 0.000000 0.000000 0.000000 0.000000 0.000000 0.000000 1.000000 1.000000 1.000000
mesh_mp_ui_host_maps_15 0 mp_ui_host_maps_c5 0.000000 0.000000 0.000000 0.000000 0.000000 0.000000 1.000000 1.000000 1.000000
mesh_quit_adv 0 quit_adv 0.000000 0.000000 0.000000 0.000000 0.000000 0.000000 1.000000 1.000000 1.000000
mesh_quit_adv_b 0 quit_adv_b 0.000000 0.000000 0.000000 0.000000 0.000000 0.000000 1.000000 1.000000 1.000000
mesh_ui_kingdom_shield_7 0 ui_kingdom_shield_7 0.000000 0.000000 0.000000 0.000000 0.000000 0.000000 1.000000 1.000000 1.000000
mesh_flag_project_rb 0 flag_project_rb 0.000000 0.000000 0.000000 0.000000 0.000000 0.000000 1.000000 1.000000 1.000000
mesh_flag_project_rb_miss 0 flag_project_rb_miss 0.000000 0.000000 0.000000 0.000000 0.000000 0.000000 1.000000 1.000000 1.000000
mesh_mp_ui_host_maps_16 0 mp_ui_host_maps_d1 0.000000 0.000000 0.000000 0.000000 0.000000 0.000000 1.000000 1.000000 1.000000
mesh_mp_ui_host_maps_17 0 mp_ui_host_maps_d2 0.000000 0.000000 0.000000 0.000000 0.000000 0.000000 1.000000 1.000000 1.000000
mesh_mp_ui_host_maps_18 0 mp_ui_host_maps_d3 0.000000 0.000000 0.000000 0.000000 0.000000 0.000000 1.000000 1.000000 1.000000
mesh_mp_ui_host_maps_19 0 mp_ui_host_maps_e2 0.000000 0.000000 0.000000 0.000000 0.000000 0.000000 1.000000 1.000000 1.000000
mesh_mp_ui_host_maps_20 0 mp_ui_host_maps_e1 0.000000 0.000000 0.000000 0.000000 0.000000 0.000000 1.000000 1.000000 1.000000
mesh_mp_ui_host_maps_21 0 mp_ui_host_maps_cold_cost 0.000000 0.000000 0.000000 0.000000 0.000000 0.000000 1.000000 1.000000 1.000000
mesh_incoming_enemy 0 cb_ui_icon_infantry 0.000000 0.000000 0.000000 0.000000 0.000000 0.000000 2.000000 2.000000 2.000000
mesh_prison_cart_pos 0 ccoop_prison_cart 0.000000 0.000000 0.000000 0.000000 0.000000 0.000000 2.000000 2.000000 2.000000
mesh_ccoop_drop_chest_top 0 ccoop_drop_chest_top 0.000000 0.000000 0.000000 0.000000 0.000000 0.000000 1.000000 1.000000 1.000000
mesh_ccoop_drop_chest_bottom 0 ccoop_drop_chest_bottom 0.000000 0.000000 200.000000 0.000000 0.000000 0.000000 1.000000 1.000000 1.000000
mesh_ccoop_random_class 0 ccoop_random_class 0.000000 0.000000 0.000000 0.000000 0.000000 0.000000 1.000000 1.000000 1.000000
mesh_ccoop_default_class 0 ccoop_default_class 0.000000 0.000000 0.000000 0.000000 0.000000 0.000000 1.000000 1.000000 1.000000
mesh_ccoop_melee_class 0 ccoop_melee_class 0.000000 0.000000 0.000000 0.000000 0.000000 0.000000 1.000000 1.000000 1.000000
mesh_ccoop_ranged_class 0 ccoop_ranged_class 0.000000 0.000000 0.000000 0.000000 0.000000 0.000000 1.000000 1.000000 1.000000
mesh_ccoop_mounted_class 0 ccoop_mounted_class 0.000000 0.000000 0.000000 0.000000 0.000000 0.000000 1.000000 1.000000 1.000000
