partiesfile version 1
240 240
 1 0 0 p_main_party Main_Party 1048576 0 0 13 0 0 0 0 0 17.000000 52.500000 17.000000 52.500000 17.000000 52.500000 0.0 1 0 1 0 0 
0.000000
 1 1 1 p_temp_party {!}temp_party 256 0 0 1 0 0 0 0 0 0.000000 0.000000 0.000000 0.000000 0.000000 0.000000 0.0 0 
0.000000
 1 2 2 p_camp_bandits {!}camp_bandits 256 0 0 2 0 0 0 0 0 1.000000 1.000000 1.000000 1.000000 1.000000 1.000000 0.0 1 3 3 0 0 
0.000000
 1 3 3 p_temp_party_2 {!}temp_party_2 256 0 0 1 0 0 0 0 0 0.000000 0.000000 0.000000 0.000000 0.000000 0.000000 0.0 0 
0.000000
 1 4 4 p_temp_casualties {!}casualties 256 0 0 3 0 0 0 0 0 1.000000 1.000000 1.000000 1.000000 1.000000 1.000000 0.0 0 
0.000000
 1 5 5 p_temp_casualties_2 {!}casualties 256 0 0 3 0 0 0 0 0 1.000000 1.000000 1.000000 1.000000 1.000000 1.000000 0.0 0 
0.000000
 1 6 6 p_temp_casualties_3 {!}casualties 256 0 0 3 0 0 0 0 0 1.000000 1.000000 1.000000 1.000000 1.000000 1.000000 0.0 0 
0.000000
 1 7 7 p_temp_wounded {!}enemies_wounded 256 0 0 3 0 0 0 0 0 1.000000 1.000000 1.000000 1.000000 1.000000 1.000000 0.0 0 
0.000000
 1 8 8 p_temp_killed {!}enemies_killed 256 0 0 3 0 0 0 0 0 1.000000 1.000000 1.000000 1.000000 1.000000 1.000000 0.0 0 
0.000000
 1 9 9 p_main_party_backup {!}_ 256 0 0 3 0 0 0 0 0 1.000000 1.000000 1.000000 1.000000 1.000000 1.000000 0.0 0 
0.000000
 1 10 10 p_encountered_party_backup {!}_ 256 0 0 3 0 0 0 0 0 1.000000 1.000000 1.000000 1.000000 1.000000 1.000000 0.0 0 
0.000000
 1 11 11 p_collective_friends_backup {!}_ 256 0 0 3 0 0 0 0 0 1.000000 1.000000 1.000000 1.000000 1.000000 1.000000 0.0 0 
0.000000
 1 12 12 p_player_casualties {!}_ 256 0 0 3 0 0 0 0 0 1.000000 1.000000 1.000000 1.000000 1.000000 1.000000 0.0 0 
0.000000
 1 13 13 p_enemy_casualties {!}_ 256 0 0 3 0 0 0 0 0 1.000000 1.000000 1.000000 1.000000 1.000000 1.000000 0.0 0 
0.000000
 1 14 14 p_ally_casualties {!}_ 256 0 0 3 0 0 0 0 0 1.000000 1.000000 1.000000 1.000000 1.000000 1.000000 0.0 0 
0.000000
 1 15 15 p_collective_enemy {!}collective_enemy 256 0 0 3 0 0 0 0 0 1.000000 1.000000 1.000000 1.000000 1.000000 1.000000 0.0 0 
0.000000
 1 16 16 p_collective_ally {!}collective_ally 256 0 0 3 0 0 0 0 0 1.000000 1.000000 1.000000 1.000000 1.000000 1.000000 0.0 0 
0.000000
 1 17 17 p_collective_friends {!}collective_ally 256 0 0 3 0 0 0 0 0 1.000000 1.000000 1.000000 1.000000 1.000000 1.000000 0.0 0 
0.000000
 1 18 18 p_total_enemy_casualties {!}_ 256 0 0 3 0 0 0 0 0 1.000000 1.000000 1.000000 1.000000 1.000000 1.000000 0.0 0 
0.000000
 1 19 19 p_routed_enemies {!}routed_enemies 256 0 0 3 0 0 0 0 0 1.000000 1.000000 1.000000 1.000000 1.000000 1.000000 0.0 0 
0.000000
 1 20 20 p_zendar Zendar 2114828 0 0 3 0 0 0 0 0 18.000000 60.000000 18.000000 60.000000 18.000000 60.000000 0.0 0 
0.000000
 1 21 21 p_town_1 Sargoth 4219916 0 0 3 0 0 0 0 0 -17.600000 79.700000 -17.600000 79.700000 -17.600000 79.700000 0.0 0 
2.967060
 1 22 22 p_town_2 Tihr 4219916 0 0 3 0 0 0 0 0 -53.500000 78.400000 -53.500000 78.400000 -53.500000 78.400000 0.0 0 
2.094395
 1 23 23 p_town_3 Veluca 4219916 0 0 3 0 0 0 0 0 -57.400000 -44.500000 -57.400000 -44.500000 -57.400000 -44.500000 0.0 0 
1.396263
 1 24 24 p_town_4 Suno 4219916 0 0 3 0 0 0 0 0 -70.000000 15.400000 -70.000000 15.400000 -70.000000 15.400000 0.0 0 
5.061455
 1 25 25 p_town_5 Jelkala 4219916 0 0 3 0 0 0 0 0 -74.600000 -79.700000 -74.600000 -79.700000 -74.600000 -79.700000 0.0 0 
1.570796
 1 26 26 p_town_6 Praven 4219916 0 0 3 0 0 0 0 0 -96.000000 26.400000 -96.000000 26.400000 -96.000000 26.400000 0.0 0 
2.705260
 1 27 27 p_town_7 Uxkhal 4219916 0 0 3 0 0 0 0 0 -50.000000 -8.500000 -50.000000 -8.500000 -50.000000 -8.500000 0.0 0 
4.188790
 1 28 28 p_town_8 Reyvadin 4219916 0 0 3 0 0 0 0 0 48.440000 39.300000 48.440000 39.300000 48.440000 39.300000 0.0 0 
3.054326
 1 29 29 p_town_9 Khudan 4219938 0 0 3 0 0 0 0 0 94.000000 65.200000 94.000000 65.200000 94.000000 65.200000 0.0 0 
1.570796
 1 30 30 p_town_10 Tulga 4219917 0 0 3 0 0 0 0 0 135.500000 -22.000000 135.500000 -22.000000 135.500000 -22.000000 0.0 0 
5.410521
 1 31 31 p_town_11 Curaw 4219938 0 0 3 0 0 0 0 0 43.000000 67.500000 43.000000 67.500000 43.000000 67.500000 0.0 0 
2.617994
 1 32 32 p_town_12 Wercheg 4219916 0 0 3 0 0 0 0 0 -1.200000 108.900000 -1.200000 108.900000 -1.200000 108.900000 0.0 0 
0.436332
 1 33 33 p_town_13 Rivacheg 4219916 0 0 3 0 0 0 0 0 64.800000 113.700000 64.800000 113.700000 64.800000 113.700000 0.0 0 
1.047198
 1 34 34 p_town_14 Halmar 4219917 0 0 3 0 0 0 0 0 55.500000 -45.000000 55.500000 -45.000000 55.500000 -45.000000 0.0 0 
2.356194
 1 35 35 p_town_15 Yalen 4219916 0 0 3 0 0 0 0 0 -132.800000 -47.300000 -132.800000 -47.300000 -132.800000 -47.300000 0.0 0 
0.785398
 1 36 36 p_town_16 Dhirim 4219916 0 0 3 0 0 0 0 0 14.000000 -2.000000 14.000000 -2.000000 14.000000 -2.000000 0.0 0 
0.000000
 1 37 37 p_town_17 Ichamur 4219917 0 0 3 0 0 0 0 0 121.800000 8.600000 121.800000 8.600000 121.800000 8.600000 0.0 0 
1.570796
 1 38 38 p_town_18 Narra 4219917 0 0 3 0 0 0 0 0 88.000000 -26.500000 88.000000 -26.500000 88.000000 -26.500000 0.0 0 
2.356194
 1 39 39 p_town_19 Shariz 4219918 0 0 3 0 0 0 0 0 15.000000 -107.000000 15.000000 -107.000000 15.000000 -107.000000 0.0 0 
0.785398
 1 40 40 p_town_20 Durquba 4219918 0 0 3 0 0 0 0 0 90.000000 -95.100000 90.000000 -95.100000 90.000000 -95.100000 0.0 0 
4.712389
 1 41 41 p_town_21 Ahmerrad 4219918 0 0 3 0 0 0 0 0 130.500000 -78.500000 130.500000 -78.500000 130.500000 -78.500000 0.0 0 
5.759586
 1 42 42 p_town_22 Bariyye 4219918 0 0 3 0 0 0 0 0 165.000000 -106.700000 165.000000 -106.700000 165.000000 -106.700000 0.0 0 
3.926991
 1 43 43 p_castle_1 Culmarr_Castle 4215838 0 0 3 0 0 0 0 0 -101.300000 -21.000000 -101.300000 -21.000000 -101.300000 -21.000000 0.0 0 
0.872665
 1 44 44 p_castle_2 Malayurg_Castle 4215839 0 0 3 0 0 0 0 0 97.500000 -2.200000 97.500000 -2.200000 97.500000 -2.200000 0.0 0 
1.308997
 1 45 45 p_castle_3 Bulugha_Castle 4215838 0 0 3 0 0 0 0 0 47.500000 111.300000 47.500000 111.300000 47.500000 111.300000 0.0 0 
1.745329
 1 46 46 p_castle_4 Radoghir_Castle 4215840 0 0 3 0 0 0 0 0 32.500000 47.800000 32.500000 47.800000 32.500000 47.800000 0.0 0 
3.141593
 1 47 47 p_castle_5 Tehlrog_Castle 4215840 0 0 3 0 0 0 0 0 -4.800000 63.700000 -4.800000 63.700000 -4.800000 63.700000 0.0 0 
1.570796
 1 48 48 p_castle_6 Tilbaut_Castle 4215838 0 0 3 0 0 0 0 0 37.600000 17.100000 37.600000 17.100000 37.600000 17.100000 0.0 0 
0.959931
 1 49 49 p_castle_7 Sungetche_Castle 4215843 0 0 3 0 0 0 0 0 109.500000 41.500000 109.500000 41.500000 109.500000 41.500000 0.0 0 
0.785398
 1 50 50 p_castle_8 Jeirbe_Castle 4215838 0 0 3 0 0 0 0 0 35.200000 89.000000 35.200000 89.000000 35.200000 89.000000 0.0 0 
0.523599
 1 51 51 p_castle_9 Jamiche_Castle 4215838 0 0 3 0 0 0 0 0 -7.500000 -82.600000 -7.500000 -82.600000 -7.500000 -82.600000 0.0 0 
1.745329
 1 52 52 p_castle_10 Alburq_Castle 4215838 0 0 3 0 0 0 0 0 24.200000 96.850000 24.200000 96.850000 24.200000 96.850000 0.0 0 
1.919862
 1 53 53 p_castle_11 Curin_Castle 4215838 0 0 3 0 0 0 0 0 -27.500000 83.460000 -27.500000 83.460000 -27.500000 83.460000 0.0 0 
1.308997
 1 54 54 p_castle_12 Chalbek_Castle 4215839 0 0 3 0 0 0 0 0 -84.750000 105.500000 -84.750000 105.500000 -84.750000 105.500000 0.0 0 
1.658063
 1 55 55 p_castle_13 Kelredan_Castle 4215838 0 0 3 0 0 0 0 0 -10.600000 17.600000 -10.600000 17.600000 -10.600000 17.600000 0.0 0 
2.007129
 1 56 56 p_castle_14 Maras_Castle 4215840 0 0 3 0 0 0 0 0 -122.400000 -18.100000 -122.400000 -18.100000 -122.400000 -18.100000 0.0 0 
1.570796
 1 57 57 p_castle_15 Ergellon_Castle 4215838 0 0 3 0 0 0 0 0 -52.500000 -28.000000 -52.500000 -28.000000 -52.500000 -28.000000 0.0 0 
4.101524
 1 58 58 p_castle_16 Almerra_Castle 4215840 0 0 3 0 0 0 0 0 -10.600000 -65.600000 -10.600000 -65.600000 -10.600000 -65.600000 0.0 0 
0.785398
 1 59 59 p_castle_17 Distar_Castle 4215838 0 0 3 0 0 0 0 0 140.300000 -10.800000 140.300000 -10.800000 140.300000 -10.800000 0.0 0 
0.261799
 1 60 60 p_castle_18 Ismirala_Castle 4215843 0 0 3 0 0 0 0 0 14.400000 70.100000 14.400000 70.100000 14.400000 70.100000 0.0 0 
5.235988
 1 61 61 p_castle_19 Yruma_Castle 4215843 0 0 3 0 0 0 0 0 69.500000 55.600000 69.500000 55.600000 69.500000 55.600000 0.0 0 
4.886922
 1 62 62 p_castle_20 Derchios_Castle 4215838 0 0 3 0 0 0 0 0 16.000000 11.500000 16.000000 11.500000 16.000000 11.500000 0.0 0 
4.537856
 1 63 63 p_castle_21 Ibdeles_Castle 4215838 0 0 3 0 0 0 0 0 -73.000000 -89.500000 -73.000000 -89.500000 -73.000000 -89.500000 0.0 0 
4.537856
 1 64 64 p_castle_22 Unuzdaq_Castle 4215838 0 0 3 0 0 0 0 0 33.000000 -64.000000 33.000000 -64.000000 33.000000 -64.000000 0.0 0 
4.537856
 1 65 65 p_castle_23 Tevarin_Castle 4215838 0 0 3 0 0 0 0 0 -124.800000 44.300000 -124.800000 44.300000 -124.800000 44.300000 0.0 0 
1.396263
 1 66 66 p_castle_24 Reindi_Castle 4215838 0 0 3 0 0 0 0 0 24.900000 -35.600000 24.900000 -35.600000 24.900000 -35.600000 0.0 0 
4.537856
 1 67 67 p_castle_25 Ryibelet_Castle 4215838 0 0 3 0 0 0 0 0 -57.000000 30.600000 -57.000000 30.600000 -57.000000 30.600000 0.0 0 
4.537856
 1 68 68 p_castle_26 Senuzgda_Castle 4215838 0 0 3 0 0 0 0 0 -2.500000 -9.500000 -2.500000 -9.500000 -2.500000 -9.500000 0.0 0 
4.537856
 1 69 69 p_castle_27 Rindyar_Castle 4215838 0 0 3 0 0 0 0 0 63.300000 -2.000000 63.300000 -2.000000 63.300000 -2.000000 0.0 0 
4.537856
 1 70 70 p_castle_28 Grunwalder_Castle 4215838 0 0 3 0 0 0 0 0 -36.400000 -39.300000 -36.400000 -39.300000 -36.400000 -39.300000 0.0 0 
4.537856
 1 71 71 p_castle_29 Nelag_Castle 4215843 0 0 3 0 0 0 0 0 147.700000 50.400000 147.700000 50.400000 147.700000 50.400000 0.0 0 
4.886922
 1 72 72 p_castle_30 Asugan_Castle 4215841 0 0 3 0 0 0 0 0 176.000000 -47.000000 176.000000 -47.000000 176.000000 -47.000000 0.0 0 
4.537856
 1 73 73 p_castle_31 Vyincourd_Castle 4215838 0 0 3 0 0 0 0 0 -65.700000 -12.500000 -65.700000 -12.500000 -65.700000 -12.500000 0.0 0 
4.537856
 1 74 74 p_castle_32 Knudarr_Castle 4215838 0 0 3 0 0 0 0 0 2.000000 30.100000 2.000000 30.100000 2.000000 30.100000 0.0 0 
4.537856
 1 75 75 p_castle_33 Etrosq_Castle 4215838 0 0 3 0 0 0 0 0 -101.400000 -32.100000 -101.400000 -32.100000 -101.400000 -32.100000 0.0 0 
1.396263
 1 76 76 p_castle_34 Hrus_Castle 4215838 0 0 3 0 0 0 0 0 -72.500000 78.600000 -72.500000 78.600000 -72.500000 78.600000 0.0 0 
4.537856
 1 77 77 p_castle_35 Haringoth_Castle 4215838 0 0 3 0 0 0 0 0 -110.000000 0.000000 -110.000000 0.000000 -110.000000 0.000000 0.0 0 
4.537856
 1 78 78 p_castle_36 Jelbegi_Castle 4215838 0 0 3 0 0 0 0 0 -47.300000 53.200000 -47.300000 53.200000 -47.300000 53.200000 0.0 0 
4.537856
 1 79 79 p_castle_37 Dramug_Castle 4215840 0 0 3 0 0 0 0 0 55.300000 23.000000 55.300000 23.000000 55.300000 23.000000 0.0 0 
4.537856
 1 80 80 p_castle_38 Tulbuk_Castle 4215841 0 0 3 0 0 0 0 0 141.700000 33.300000 141.700000 33.300000 141.700000 33.300000 0.0 0 
4.537856
 1 81 81 p_castle_39 Slezkh_Castle 4215843 0 0 3 0 0 0 0 0 56.800000 74.500000 56.800000 74.500000 56.800000 74.500000 0.0 0 
4.886922
 1 82 82 p_castle_40 Uhhun_Castle 4215841 0 0 3 0 0 0 0 0 62.900000 -26.000000 62.900000 -26.000000 62.900000 -26.000000 0.0 0 
4.537856
 1 83 83 p_castle_41 Jameyyed_Castle 4215841 0 0 3 0 0 0 0 0 71.300000 -71.100000 71.300000 -71.100000 71.300000 -71.100000 0.0 0 
4.537856
 1 84 84 p_castle_42 Teramma_Castle 4215841 0 0 3 0 0 0 0 0 70.000000 -96.000000 70.000000 -96.000000 70.000000 -96.000000 0.0 0 
1.396263
 1 85 85 p_castle_43 Sharwa_Castle 4215841 0 0 3 0 0 0 0 0 172.000000 -65.000000 172.000000 -65.000000 172.000000 -65.000000 0.0 0 
4.537856
 1 86 86 p_castle_44 Durrin_Castle 4215841 0 0 3 0 0 0 0 0 128.000000 -87.000000 128.000000 -87.000000 128.000000 -87.000000 0.0 0 
4.537856
 1 87 87 p_castle_45 Caraf_Castle 4215841 0 0 3 0 0 0 0 0 30.600000 -110.600000 30.600000 -110.600000 30.600000 -110.600000 0.0 0 
4.537856
 1 88 88 p_castle_46 Weyyah_Castle 4215841 0 0 3 0 0 0 0 0 13.300000 -84.400000 13.300000 -84.400000 13.300000 -84.400000 0.0 0 
4.537856
 1 89 89 p_castle_47 Samarra_Castle 4215841 0 0 3 0 0 0 0 0 116.000000 -74.000000 116.000000 -74.000000 116.000000 -74.000000 0.0 0 
4.537856
 1 90 90 p_castle_48 Bardaq_Castle 4215841 0 0 3 0 0 0 0 0 157.000000 -80.000000 157.000000 -80.000000 157.000000 -80.000000 0.0 0 
4.537856
 1 91 91 p_village_1 Yaragar 2114575 0 0 3 0 0 0 0 0 -60.000000 -9.500000 -60.000000 -9.500000 -60.000000 -9.500000 0.0 0 
1.745329
 1 92 92 p_village_2 Burglen 2114575 0 0 3 0 0 0 0 0 -13.500000 3.500000 -13.500000 3.500000 -13.500000 3.500000 0.0 0 
1.919862
 1 93 93 p_village_3 Azgad 2114575 0 0 3 0 0 0 0 0 -97.400000 36.000000 -97.400000 36.000000 -97.400000 36.000000 0.0 0 
2.094395
 1 94 94 p_village_4 Nomar 2114575 0 0 3 0 0 0 0 0 -36.600000 -13.200000 -36.600000 -13.200000 -36.600000 -13.200000 0.0 0 
2.268928
 1 95 95 p_village_5 Kulum 2114575 0 0 3 0 0 0 0 0 -122.700000 106.300000 -122.700000 106.300000 -122.700000 106.300000 0.0 0 
2.967060
 1 96 96 p_village_6 Emirin 2114575 0 0 3 0 0 0 0 0 5.500000 -2.500000 5.500000 -2.500000 5.500000 -2.500000 0.0 0 
1.745329
 1 97 97 p_village_7 Amere 2114575 0 0 3 0 0 0 0 0 39.300000 -5.250000 39.300000 -5.250000 39.300000 -5.250000 0.0 0 
1.919862
 1 98 98 p_village_8 Haen 2114575 0 0 3 0 0 0 0 0 -49.700000 74.000000 -49.700000 74.000000 -49.700000 74.000000 0.0 0 
2.094395
 1 99 99 p_village_9 Buvran 2114575 0 0 3 0 0 0 0 0 -85.000000 -75.350000 -85.000000 -75.350000 -85.000000 -75.350000 0.0 0 
2.268928
 1 100 100 p_village_10 Mechin 2114575 0 0 3 0 0 0 0 0 8.800000 34.750000 8.800000 34.750000 8.800000 34.750000 0.0 0 
2.967060
 1 101 101 p_village_11 Dusturil 2114575 0 0 3 0 0 0 0 0 137.200000 -36.500000 137.200000 -36.500000 137.200000 -36.500000 0.0 0 
1.745329
 1 102 102 p_village_12 Emer 2114575 0 0 3 0 0 0 0 0 -45.800000 -58.500000 -45.800000 -58.500000 -45.800000 -58.500000 0.0 0 
1.919862
 1 103 103 p_village_13 Nemeja 2114575 0 0 3 0 0 0 0 0 -119.000000 3.000000 -119.000000 3.000000 -119.000000 3.000000 0.0 0 
2.094395
 1 104 104 p_village_14 Sumbuja 2114575 0 0 3 0 0 0 0 0 40.000000 52.000000 40.000000 52.000000 40.000000 52.000000 0.0 0 
2.268928
 1 105 105 p_village_15 Ryibelet 2114575 0 0 3 0 0 0 0 0 -49.300000 26.250000 -49.300000 26.250000 -49.300000 26.250000 0.0 0 
2.967060
 1 106 106 p_village_16 Shapeshte 2114584 0 0 3 0 0 0 0 0 74.000000 86.800000 74.000000 86.800000 74.000000 86.800000 0.0 0 
2.967060
 1 107 107 p_village_17 Mazen 2114584 0 0 3 0 0 0 0 0 44.700000 91.400000 44.700000 91.400000 44.700000 91.400000 0.0 0 
0.610865
 1 108 108 p_village_18 Ulburban 2114584 0 0 3 0 0 0 0 0 73.700000 30.100000 73.700000 30.100000 73.700000 30.100000 0.0 0 
2.967060
 1 109 109 p_village_19 Hanun 2114584 0 0 3 0 0 0 0 0 152.300000 53.500000 152.300000 53.500000 152.300000 53.500000 0.0 0 
2.967060
 1 110 110 p_village_20 Uslum 2114584 0 0 3 0 0 0 0 0 116.000000 80.300000 116.000000 80.300000 116.000000 80.300000 0.0 0 
2.967060
 1 111 111 p_village_21 Bazeck 2114584 0 0 3 0 0 0 0 0 60.400000 85.000000 60.400000 85.000000 60.400000 85.000000 0.0 0 
1.745329
 1 112 112 p_village_22 Shulus 2114584 0 0 3 0 0 0 0 0 125.400000 64.000000 125.400000 64.000000 125.400000 64.000000 0.0 0 
1.919862
 1 113 113 p_village_23 Ilvia 2114575 0 0 3 0 0 0 0 0 -133.300000 -37.600000 -133.300000 -37.600000 -133.300000 -37.600000 0.0 0 
2.094395
 1 114 114 p_village_24 Ruldi 2114575 0 0 3 0 0 0 0 0 -57.600000 -73.000000 -57.600000 -73.000000 -57.600000 -73.000000 0.0 0 
2.268928
 1 115 115 p_village_25 Dashbigha 2114575 0 0 3 0 0 0 0 0 125.200000 -8.000000 125.200000 -8.000000 125.200000 -8.000000 0.0 0 
2.967060
 1 116 116 p_village_26 Pagundur 2114575 0 0 3 0 0 0 0 0 -58.500000 -30.800000 -58.500000 -30.800000 -58.500000 -30.800000 0.0 0 
2.967060
 1 117 117 p_village_27 Glunmar 2114575 0 0 3 0 0 0 0 0 -146.300000 -16.600000 -146.300000 -16.600000 -146.300000 -16.600000 0.0 0 
2.967060
 1 118 118 p_village_28 Tash_Kulun 2114575 0 0 3 0 0 0 0 0 95.000000 -11.400000 95.000000 -11.400000 95.000000 -11.400000 0.0 0 
2.967060
 1 119 119 p_village_29 Buillin 2114575 0 0 3 0 0 0 0 0 -90.600000 110.900000 -90.600000 110.900000 -90.600000 110.900000 0.0 0 
2.967060
 1 120 120 p_village_30 Ruvar 2114575 0 0 3 0 0 0 0 0 29.200000 114.300000 29.200000 114.300000 29.200000 114.300000 0.0 0 
2.967060
 1 121 121 p_village_31 Ambean 2114575 0 0 3 0 0 0 0 0 -24.000000 53.000000 -24.000000 53.000000 -24.000000 53.000000 0.0 0 
1.745329
 1 122 122 p_village_32 Tosdhar 2114575 0 0 3 0 0 0 0 0 8.300000 14.500000 8.300000 14.500000 8.300000 14.500000 0.0 0 
1.919862
 1 123 123 p_village_33 Ruluns 2114575 0 0 3 0 0 0 0 0 -59.000000 10.600000 -59.000000 10.600000 -59.000000 10.600000 0.0 0 
2.094395
 1 124 124 p_village_34 Ehlerdah 2114575 0 0 3 0 0 0 0 0 34.150000 -30.000000 34.150000 -30.000000 34.150000 -30.000000 0.0 0 
2.268928
 1 125 125 p_village_35 Fearichen 2114575 0 0 3 0 0 0 0 0 2.140000 86.900000 2.140000 86.900000 2.140000 86.900000 0.0 0 
2.967060
 1 126 126 p_village_36 Jayek 2114575 0 0 3 0 0 0 0 0 17.400000 100.700000 17.400000 100.700000 17.400000 100.700000 0.0 0 
2.967060
 1 127 127 p_village_37 Ada_Kulun 2114575 0 0 3 0 0 0 0 0 164.400000 26.000000 164.400000 26.000000 164.400000 26.000000 0.0 0 
2.967060
 1 128 128 p_village_38 Ibiran 2114575 0 0 3 0 0 0 0 0 -42.800000 11.250000 -42.800000 11.250000 -42.800000 11.250000 0.0 0 
2.967060
 1 129 129 p_village_39 Reveran 2114575 0 0 3 0 0 0 0 0 -124.300000 -29.500000 -124.300000 -29.500000 -124.300000 -29.500000 0.0 0 
2.967060
 1 130 130 p_village_40 Saren 2114575 0 0 3 0 0 0 0 0 -12.000000 -53.000000 -12.000000 -53.000000 -12.000000 -53.000000 0.0 0 
2.967060
 1 131 131 p_village_41 Dugan 2114575 0 0 3 0 0 0 0 0 175.000000 -39.500000 175.000000 -39.500000 175.000000 -39.500000 0.0 0 
1.745329
 1 132 132 p_village_42 Dirigh_Aban 2114575 0 0 3 0 0 0 0 0 115.400000 21.600000 115.400000 21.600000 115.400000 21.600000 0.0 0 
1.919862
 1 133 133 p_village_43 Zagush 2114575 0 0 3 0 0 0 0 0 99.400000 -21.300000 99.400000 -21.300000 99.400000 -21.300000 0.0 0 
2.094395
 1 134 134 p_village_44 Peshmi 2114575 0 0 3 0 0 0 0 0 51.800000 -50.000000 51.800000 -50.000000 51.800000 -50.000000 0.0 0 
2.268928
 1 135 135 p_village_45 Bulugur 2114575 0 0 3 0 0 0 0 0 151.500000 -3.000000 151.500000 -3.000000 151.500000 -3.000000 0.0 0 
2.967060
 1 136 136 p_village_46 Fedner 2114575 0 0 3 0 0 0 0 0 -82.400000 -48.800000 -82.400000 -48.800000 -82.400000 -48.800000 0.0 0 
2.967060
 1 137 137 p_village_47 Epeshe 2114575 0 0 3 0 0 0 0 0 -101.200000 -53.700000 -101.200000 -53.700000 -101.200000 -53.700000 0.0 0 
2.967060
 1 138 138 p_village_48 Veidar 2114575 0 0 3 0 0 0 0 0 -103.000000 15.300000 -103.000000 15.300000 -103.000000 15.300000 0.0 0 
2.967060
 1 139 139 p_village_49 Tismirr 2114584 0 0 3 0 0 0 0 0 90.800000 60.500000 90.800000 60.500000 90.800000 60.500000 0.0 0 
0.174533
 1 140 140 p_village_50 Karindi 2114584 0 0 3 0 0 0 0 0 64.100000 55.900000 64.100000 55.900000 64.100000 55.900000 0.0 0 
2.967060
 1 141 141 p_village_51 Jelbegi 2114575 0 0 3 0 0 0 0 0 -40.000000 62.000000 -40.000000 62.000000 -40.000000 62.000000 0.0 0 
1.745329
 1 142 142 p_village_52 Amashke 2114575 0 0 3 0 0 0 0 0 38.200000 -67.700000 38.200000 -67.700000 38.200000 -67.700000 0.0 0 
1.919862
 1 143 143 p_village_53 Balanli 2114575 0 0 3 0 0 0 0 0 -130.300000 42.000000 -130.300000 42.000000 -130.300000 42.000000 0.0 0 
2.094395
 1 144 144 p_village_54 Chide 2114575 0 0 3 0 0 0 0 0 -19.000000 15.500000 -19.000000 15.500000 -19.000000 15.500000 0.0 0 
2.268928
 1 145 145 p_village_55 Tadsamesh 2114575 0 0 3 0 0 0 0 0 37.300000 23.700000 37.300000 23.700000 37.300000 23.700000 0.0 0 
2.967060
 1 146 146 p_village_56 Fenada 2114575 0 0 3 0 0 0 0 0 -5.550000 75.500000 -5.550000 75.500000 -5.550000 75.500000 0.0 0 
2.967060
 1 147 147 p_village_57 Ushkuru 2114575 0 0 3 0 0 0 0 0 24.750000 -7.700000 24.750000 -7.700000 24.750000 -7.700000 0.0 0 
2.967060
 1 148 148 p_village_58 Vezin 2114575 0 0 3 0 0 0 0 0 78.500000 118.300000 78.500000 118.300000 78.500000 118.300000 0.0 0 
2.967060
 1 149 149 p_village_59 Dumar 2114575 0 0 3 0 0 0 0 0 -101.000000 -45.000000 -101.000000 -45.000000 -101.000000 -45.000000 0.0 0 
2.967060
 1 150 150 p_village_60 Tahlberl 2114575 0 0 3 0 0 0 0 0 -26.600000 30.000000 -26.600000 30.000000 -26.600000 30.000000 0.0 0 
2.967060
 1 151 151 p_village_61 Aldelen 2114575 0 0 3 0 0 0 0 0 -99.800000 85.650000 -99.800000 85.650000 -99.800000 85.650000 0.0 0 
1.745329
 1 152 152 p_village_62 Rebache 2114575 0 0 3 0 0 0 0 0 36.700000 59.500000 36.700000 59.500000 36.700000 59.500000 0.0 0 
1.745329
 1 153 153 p_village_63 Rduna 2114575 0 0 3 0 0 0 0 0 70.750000 1.600000 70.750000 1.600000 70.750000 1.600000 0.0 0 
1.745329
 1 154 154 p_village_64 Serindiar 2114575 0 0 3 0 0 0 0 0 -41.500000 -35.800000 -41.500000 -35.800000 -41.500000 -35.800000 0.0 0 
1.745329
 1 155 155 p_village_65 Iyindah 2114575 0 0 3 0 0 0 0 0 -86.300000 12.400000 -86.300000 12.400000 -86.300000 12.400000 0.0 0 
1.745329
 1 156 156 p_village_66 Fisdnar 2114575 0 0 3 0 0 0 0 0 109.000000 127.500000 109.000000 127.500000 109.000000 127.500000 0.0 0 
1.745329
 1 157 157 p_village_67 Tebandra 2114575 0 0 3 0 0 0 0 0 65.000000 23.000000 65.000000 23.000000 65.000000 23.000000 0.0 0 
1.745329
 1 158 158 p_village_68 Ibdeles 2114575 0 0 3 0 0 0 0 0 -72.600000 -97.500000 -72.600000 -97.500000 -72.600000 -97.500000 0.0 0 
1.745329
 1 159 159 p_village_69 Kwynn 2114575 0 0 3 0 0 0 0 0 -26.500000 77.600000 -26.500000 77.600000 -26.500000 77.600000 0.0 0 
1.745329
 1 160 160 p_village_70 Dirigsene 2114575 0 0 3 0 0 0 0 0 -94.000000 -27.000000 -94.000000 -27.000000 -94.000000 -27.000000 0.0 0 
1.745329
 1 161 161 p_village_71 Tshibtin 2114575 0 0 3 0 0 0 0 0 -9.000000 -20.000000 -9.000000 -20.000000 -9.000000 -20.000000 0.0 0 
0.349066
 1 162 162 p_village_72 Elberl 2114575 0 0 3 0 0 0 0 0 -144.000000 16.150000 -144.000000 16.150000 -144.000000 16.150000 0.0 0 
1.047198
 1 163 163 p_village_73 Chaeza 2114575 0 0 3 0 0 0 0 0 -63.200000 -51.400000 -63.200000 -51.400000 -63.200000 -51.400000 0.0 0 
0.959931
 1 164 164 p_village_74 Ayyike 2114575 0 0 3 0 0 0 0 0 49.000000 31.000000 49.000000 31.000000 49.000000 31.000000 0.0 0 
0.261799
 1 165 165 p_village_75 Bhulaban 2114584 0 0 3 0 0 0 0 0 110.200000 48.800000 110.200000 48.800000 110.200000 48.800000 0.0 0 
0.174533
 1 166 166 p_village_76 Kedelke 2114575 0 0 3 0 0 0 0 0 91.500000 -34.800000 91.500000 -34.800000 91.500000 -34.800000 0.0 0 
0.610865
 1 167 167 p_village_77 Rizi 2114575 0 0 3 0 0 0 0 0 -64.800000 81.500000 -64.800000 81.500000 -64.800000 81.500000 0.0 0 
2.792527
 1 168 168 p_village_78 Sarimish 2114575 0 0 3 0 0 0 0 0 -30.200000 -53.300000 -30.200000 -53.300000 -30.200000 -53.300000 0.0 0 
3.141593
 1 169 169 p_village_79 Istiniar 2114575 0 0 3 0 0 0 0 0 -134.100000 -5.500000 -134.100000 -5.500000 -134.100000 -5.500000 0.0 0 
0.000000
 1 170 170 p_village_80 Vayejeg 2114575 0 0 3 0 0 0 0 0 -1.500000 56.000000 -1.500000 56.000000 -1.500000 56.000000 0.0 0 
0.698132
 1 171 171 p_village_81 Odasan 2114575 0 0 3 0 0 0 0 0 -17.200000 123.600000 -17.200000 123.600000 -17.200000 123.600000 0.0 0 
0.349066
 1 172 172 p_village_82 Yalibe 2114575 0 0 3 0 0 0 0 0 12.000000 -26.000000 12.000000 -26.000000 12.000000 -26.000000 0.0 0 
1.047198
 1 173 173 p_village_83 Gisim 2114575 0 0 3 0 0 0 0 0 -79.900000 55.200000 -79.900000 55.200000 -79.900000 55.200000 0.0 0 
0.959931
 1 174 174 p_village_84 Chelez 2114575 0 0 3 0 0 0 0 0 -45.600000 -83.000000 -45.600000 -83.000000 -45.600000 -83.000000 0.0 0 
0.261799
 1 175 175 p_village_85 Ismirala 2114584 0 0 3 0 0 0 0 0 22.800000 71.700000 22.800000 71.700000 22.800000 71.700000 0.0 0 
0.174533
 1 176 176 p_village_86 Slezkh 2114584 0 0 3 0 0 0 0 0 60.500000 68.200000 60.500000 68.200000 60.500000 68.200000 0.0 0 
0.610865
 1 177 177 p_village_87 Udiniad 2114575 0 0 3 0 0 0 0 0 52.300000 111.800000 52.300000 111.800000 52.300000 111.800000 0.0 0 
2.792527
 1 178 178 p_village_88 Tulbuk 2114575 0 0 3 0 0 0 0 0 135.800000 24.700000 135.800000 24.700000 135.800000 24.700000 0.0 0 
3.141593
 1 179 179 p_village_89 Uhhun 2114575 0 0 3 0 0 0 0 0 70.100000 -27.900000 70.100000 -27.900000 70.100000 -27.900000 0.0 0 
0.000000
 1 180 180 p_village_90 Jamiche 2114575 0 0 3 0 0 0 0 0 -12.700000 -85.500000 -12.700000 -85.500000 -12.700000 -85.500000 0.0 0 
0.698132
 1 181 181 p_village_91 Ayn_Assuadi 2114577 0 0 3 0 0 0 0 0 21.600000 -95.300000 21.600000 -95.300000 21.600000 -95.300000 0.0 0 
0.349066
 1 182 182 p_village_92 Dhibbain 2114577 0 0 3 0 0 0 0 0 42.500000 -111.600000 42.500000 -111.600000 42.500000 -111.600000 0.0 0 
1.047198
 1 183 183 p_village_93 Qalyut 2114577 0 0 3 0 0 0 0 0 50.000000 -94.800000 50.000000 -94.800000 50.000000 -94.800000 0.0 0 
0.959931
 1 184 184 p_village_94 Mazigh 2114577 0 0 3 0 0 0 0 0 75.400000 -61.650000 75.400000 -61.650000 75.400000 -61.650000 0.0 0 
0.261799
 1 185 185 p_village_95 Tamnuh 2114577 0 0 3 0 0 0 0 0 99.000000 -90.500000 99.000000 -90.500000 99.000000 -90.500000 0.0 0 
0.174533
 1 186 186 p_village_96 Habba 2114577 0 0 3 0 0 0 0 0 107.000000 -75.000000 107.000000 -75.000000 107.000000 -75.000000 0.0 0 
0.610865
 1 187 187 p_village_97 Sekhtem 2114577 0 0 3 0 0 0 0 0 82.300000 -76.800000 82.300000 -76.800000 82.300000 -76.800000 0.0 0 
2.792527
 1 188 188 p_village_98 Mawiti 2114577 0 0 3 0 0 0 0 0 117.700000 -62.200000 117.700000 -62.200000 117.700000 -62.200000 0.0 0 
3.141593
 1 189 189 p_village_99 Fishara 2114577 0 0 3 0 0 0 0 0 158.350000 -98.000000 158.350000 -98.000000 158.350000 -98.000000 0.0 0 
0.000000
 1 190 190 p_village_100 Iqbayl 2114577 0 0 3 0 0 0 0 0 150.000000 -106.500000 150.000000 -106.500000 150.000000 -106.500000 0.0 0 
0.698132
 1 191 191 p_village_101 Uzgha 2114577 0 0 3 0 0 0 0 0 154.000000 -69.500000 154.000000 -69.500000 154.000000 -69.500000 0.0 0 
0.349066
 1 192 192 p_village_102 Shibal_Zumr 2114577 0 0 3 0 0 0 0 0 77.200000 -91.000000 77.200000 -91.000000 77.200000 -91.000000 0.0 0 
1.047198
 1 193 193 p_village_103 Mijayet 2114577 0 0 3 0 0 0 0 0 121.000000 -95.600000 121.000000 -95.600000 121.000000 -95.600000 0.0 0 
0.959931
 1 194 194 p_village_104 Tazjunat 2114577 0 0 3 0 0 0 0 0 159.000000 -58.500000 159.000000 -58.500000 159.000000 -58.500000 0.0 0 
0.261799
 1 195 195 p_village_105 Aab 2114577 0 0 3 0 0 0 0 0 135.000000 -88.500000 135.000000 -88.500000 135.000000 -88.500000 0.0 0 
0.174533
 1 196 196 p_village_106 Hawaha 2114577 0 0 3 0 0 0 0 0 10.300000 -91.000000 10.300000 -91.000000 10.300000 -91.000000 0.0 0 
0.610865
 1 197 197 p_village_107 Unriya 2114577 0 0 3 0 0 0 0 0 156.600000 -84.000000 156.600000 -84.000000 156.600000 -84.000000 0.0 0 
2.792527
 1 198 198 p_village_108 Mit_Nun 2114577 0 0 3 0 0 0 0 0 28.800000 -107.300000 28.800000 -107.300000 28.800000 -107.300000 0.0 0 
3.141593
 1 199 199 p_village_109 Tilimsal 2114577 0 0 3 0 0 0 0 0 53.000000 -114.500000 53.000000 -114.500000 53.000000 -114.500000 0.0 0 
0.000000
 1 200 200 p_village_110 Rushdigh 2114577 0 0 3 0 0 0 0 0 38.000000 -104.000000 38.000000 -104.000000 38.000000 -104.000000 0.0 0 
0.698132
 1 201 201 p_salt_mine Salt_Mine 2114831 0 0 3 0 0 0 0 0 14.200000 -31.000000 14.200000 -31.000000 14.200000 -31.000000 0.0 0 
0.000000
 1 202 202 p_four_ways_inn Four_Ways_Inn 2114831 0 0 3 0 0 0 0 0 4.800000 -39.600000 4.800000 -39.600000 4.800000 -39.600000 0.0 0 
0.000000
 1 203 203 p_test_scene test_scene 2114831 0 0 3 0 0 0 0 0 10.800000 -19.600000 10.800000 -19.600000 10.800000 -19.600000 0.0 0 
0.000000
 1 204 204 p_battlefields battlefields 2114831 0 0 3 0 0 0 0 0 10.800000 -16.600000 10.800000 -16.600000 10.800000 -16.600000 0.0 0 
0.000000
 1 205 205 p_dhorak_keep Dhorak_Keep 2639116 0 0 3 0 0 0 0 0 -50.000000 -58.000000 -50.000000 -58.000000 -50.000000 -58.000000 0.0 0 
0.000000
 1 206 206 p_training_ground Training_Ground 2114855 0 0 3 0 0 0 0 0 3.000000 -7.000000 3.000000 -7.000000 3.000000 -7.000000 0.0 0 
0.000000
 1 207 207 p_training_ground_1 Training_Field 2118695 0 0 3 0 0 0 0 0 37.400000 102.800000 37.400000 102.800000 37.400000 102.800000 0.0 0 
1.745329
 1 208 208 p_training_ground_2 Training_Field 2118695 0 0 3 0 0 0 0 0 -12.800000 33.000000 -12.800000 33.000000 -12.800000 33.000000 0.0 0 
1.745329
 1 209 209 p_training_ground_3 Training_Field 2118695 0 0 3 0 0 0 0 0 70.500000 72.000000 70.500000 72.000000 70.500000 72.000000 0.0 0 
1.745329
 1 210 210 p_training_ground_4 Training_Field 2118695 0 0 3 0 0 0 0 0 11.500000 -75.200000 11.500000 -75.200000 11.500000 -75.200000 0.0 0 
1.745329
 1 211 211 p_training_ground_5 Training_Field 2118695 0 0 3 0 0 0 0 0 -125.800000 12.500000 -125.800000 12.500000 -125.800000 12.500000 0.0 0 
1.745329
 1 212 212 p_bridge_1 {!}1 541738 0 0 3 0 0 0 0 0 39.370000 65.100000 39.370000 65.100000 39.370000 65.100000 0.0 0 
-0.781907
 1 213 213 p_bridge_2 {!}2 541738 0 0 3 0 0 0 0 0 56.440000 77.880000 56.440000 77.880000 56.440000 77.880000 0.0 0 
0.074700
 1 214 214 p_bridge_3 {!}3 541738 0 0 3 0 0 0 0 0 70.870000 87.950000 70.870000 87.950000 70.870000 87.950000 0.0 0 
1.125737
 1 215 215 p_bridge_4 {!}4 541738 0 0 3 0 0 0 0 0 93.710000 62.130000 93.710000 62.130000 93.710000 62.130000 0.0 0 
-0.037176
 1 216 216 p_bridge_5 {!}5 541738 0 0 3 0 0 0 0 0 11.020000 72.610000 11.020000 72.610000 11.020000 72.610000 0.0 0 
0.375246
 1 217 217 p_bridge_6 {!}6 541737 0 0 3 0 0 0 0 0 -8.830000 52.240000 -8.830000 52.240000 -8.830000 52.240000 0.0 0 
-1.282817
 1 218 218 p_bridge_7 {!}7 541737 0 0 3 0 0 0 0 0 -29.790000 76.840000 -29.790000 76.840000 -29.790000 76.840000 0.0 0 
-1.117011
 1 219 219 p_bridge_8 {!}8 541737 0 0 3 0 0 0 0 0 -64.050000 -6.000000 -64.050000 -6.000000 -64.050000 -6.000000 0.0 0 
0.030020
 1 220 220 p_bridge_9 {!}9 541737 0 0 3 0 0 0 0 0 -64.950000 -9.600000 -64.950000 -9.600000 -64.950000 -9.600000 0.0 0 
-0.589223
 1 221 221 p_bridge_10 {!}10 541737 0 0 3 0 0 0 0 0 -75.320000 -75.270000 -75.320000 -75.270000 -75.320000 -75.270000 0.0 0 
-0.769167
 1 222 222 p_bridge_11 {!}11 541736 0 0 3 0 0 0 0 0 -24.390000 67.820000 -24.390000 67.820000 -24.390000 67.820000 0.0 0 
1.418953
 1 223 223 p_bridge_12 {!}12 541736 0 0 3 0 0 0 0 0 -114.330000 -1.940000 -114.330000 -1.940000 -114.330000 -1.940000 0.0 0 
-0.619592
 1 224 224 p_bridge_13 {!}13 541736 0 0 3 0 0 0 0 0 -84.020000 -7.000000 -84.020000 -7.000000 -84.020000 -7.000000 0.0 0 
-0.308923
 1 225 225 p_bridge_14 {!}14 541736 0 0 3 0 0 0 0 0 -23.360000 75.800000 -23.360000 75.800000 -23.360000 75.800000 0.0 0 
1.162389
 1 226 226 p_looter_spawn_point {!}looter_sp 1280 0 0 2 0 0 0 0 0 26.000000 77.000000 26.000000 77.000000 26.000000 77.000000 0.0 1 113 15 0 0 
0.000000
 1 227 227 p_steppe_bandit_spawn_point the_steppes 1280 0 0 2 0 0 0 0 0 125.000000 9.000000 125.000000 9.000000 125.000000 9.000000 0.0 1 113 15 0 0 
0.000000
 1 228 228 p_taiga_bandit_spawn_point the_tundra 1280 0 0 2 0 0 0 0 0 78.000000 84.000000 78.000000 84.000000 78.000000 84.000000 0.0 1 113 15 0 0 
0.000000
 1 229 229 p_forest_bandit_spawn_point the_forests 1280 0 0 2 0 0 0 0 0 -35.000000 18.000000 -35.000000 18.000000 -35.000000 18.000000 0.0 1 113 15 0 0 
0.000000
 1 230 230 p_mountain_bandit_spawn_point the_highlands 1280 0 0 2 0 0 0 0 0 -90.000000 -26.800000 -90.000000 -26.800000 -90.000000 -26.800000 0.0 1 113 15 0 0 
0.000000
 1 231 231 p_sea_raider_spawn_point_1 the_coast 1280 0 0 2 0 0 0 0 0 48.500000 110.000000 48.500000 110.000000 48.500000 110.000000 0.0 1 113 15 0 0 
0.000000
 1 232 232 p_sea_raider_spawn_point_2 the_coast 1280 0 0 2 0 0 0 0 0 -42.000000 76.700000 -42.000000 76.700000 -42.000000 76.700000 0.0 1 113 15 0 0 
0.000000
 1 233 233 p_desert_bandit_spawn_point the_deserts 1280 0 0 2 0 0 0 0 0 110.000000 -100.000000 110.000000 -100.000000 110.000000 -100.000000 0.0 1 113 15 0 0 
0.000000
 1 234 234 p_spawn_points_end {!}last_spawn_point 1280 0 0 1 0 0 0 0 0 0.000000 0.000000 0.000000 0.000000 0.000000 0.000000 0.0 1 113 15 0 0 
0.000000
 1 235 235 p_reserved_1 {!}last_spawn_point 1280 0 0 1 0 0 0 0 0 0.000000 0.000000 0.000000 0.000000 0.000000 0.000000 0.0 1 113 15 0 0 
0.000000
 1 236 236 p_reserved_2 {!}last_spawn_point 1280 0 0 1 0 0 0 0 0 0.000000 0.000000 0.000000 0.000000 0.000000 0.000000 0.0 1 113 15 0 0 
0.000000
 1 237 237 p_reserved_3 {!}last_spawn_point 1280 0 0 1 0 0 0 0 0 0.000000 0.000000 0.000000 0.000000 0.000000 0.000000 0.0 1 113 15 0 0 
0.000000
 1 238 238 p_reserved_4 {!}last_spawn_point 1280 0 0 1 0 0 0 0 0 0.000000 0.000000 0.000000 0.000000 0.000000 0.000000 0.0 1 113 15 0 0 
0.000000
 1 239 239 p_reserved_5 {!}last_spawn_point 1280 0 0 1 0 0 0 0 0 0.000000 0.000000 0.000000 0.000000 0.000000 0.000000 0.0 1 113 15 0 0 
0.000000
