simple_triggers_file version 1
40
-6.000000  0 
-5.000000  0 
1.000000  16 4 0 31 2 144115188075857046 0 2133 2 144115188075857046 1 2124 1 100 729 2 0 7050 730 2 0 7200 1626 2 648518346341352460 0 3 0 32 2 144115188075856228 0 32 2 144115188075856217 0 30 2 144115188075856225 1 2270 1 1224979098644774912 31 2 144115188075856224 0 30 2 1224979098644774912 144115188075856229 2147485921 0 1030 3 0 0 0 
0.000000  25 4 0 31 2 144115188075857061 0 1230 1 648518346341352454 501 3 648518346341351445 27 0 1096 2 432345564227567657 0 1096 2 432345564227567616 0 4 0 2147483848 1 504403158265495584 1615 3 648518346341351424 360287970189640343 1 3 0 6 3 1224979098644774912 360287970189640452 360287970189640713 4 0 540 3 1224979098644774912 2 0 2173 2 1224979098644774913 1224979098644774912 33 3 1224979098644774913 432345564227567659 432345564227567692 500 3 1224979098644774912 2 2 3 0 3 0 1 1 936748722493063217 2133 2 144115188075857061 1 3 0 31 2 144115188075856283 1 32 2 144115188075856063 0 132 1 144115188075856063 1623 3 648518346341351424 144115188075856063 0 
0.000000  42 4 0 32 2 144115188075856245 0 1680 2 1224979098644774912 144115188075856245 32 2 1224979098644774912 0 2204 2 1224979098644774913 144115188075856245 2190 3 1224979098644774914 1224979098644774913 432345564227567658 2204 2 1224979098644774915 1224979098644774912 2190 3 1224979098644774916 1224979098644774915 432345564227567658 30 2 1224979098644774914 0 2147483678 2 1224979098644774916 0 1300 1 144115188075856245 1030 3 0 0 0 5 0 2270 1 1224979098644774917 2133 2 1224979098644774918 0 4 0 2147483679 2 144115188075856865 0 30 2 1224979098644774917 144115188075856865 2133 2 1224979098644774918 1 2133 2 144115188075856865 0 3 0 1073741855 2 1224979098644774918 1 37 0 4 0 30 2 144115188075856062 1 2060 1 144115188075856062 2133 2 144115188075856062 -1 5 0 30 2 144115188075856088 1 1300 1 144115188075856088 5 0 30 2 144115188075856228 1 1300 1 144115188075856228 5 0 30 2 144115188075856182 1 2133 2 144115188075856182 0 2133 2 144115188075856183 0 2133 2 144115188075856181 0 1030 3 0 0 0 1106 1 1585267068834415407 3 0 3 0 
0.001000  21 2112 3 144115188075857371 360287970189640403 360287970189640719 2105 2 144115188075857371 1 4 0 30 2 144115188075857371 360287970189640719 2133 2 144115188075857371 360287970189640403 3 0 4 0 2133 2 1224979098644774912 144115188075857371 540 3 1224979098644774912 2 2 520 3 1224979098644774913 1224979098644774912 10 30 2 1224979098644774913 1 132 1 1224979098644774913 541 3 1224979098644774913 31 1 2270 1 1224979098644774914 2147484209 3 1224979098644774913 32 1224979098644774914 501 3 1224979098644774913 30 -1 501 3 1224979098644774913 31 0 2133 2 1224979098644774915 200 2120 3 1224979098644774916 1224979098644774914 1224979098644774915 501 3 1224979098644774913 33 1224979098644774916 3 0 
0.500000  34 4 0 200 1 504403158265495589 2147483850 1 504403158265495589 526 3 1224979098644774912 504403158265495589 1 526 3 1224979098644774913 504403158265495589 10 526 3 1224979098644774914 504403158265495589 11 2121 3 1224979098644774915 1224979098644774913 1224979098644774914 1 3 936748722493063640 1224979098644774912 1224979098644774915 2105 2 1224979098644774914 72057594037927936 506 3 504403158265495589 11 1224979098644774914 2147483680 2 1224979098644774913 1224979098644774914 1 2 936748722493063552 504403158265495589 3 0 4 0 200 1 504403158265495571 2147483850 1 504403158265495571 526 3 1224979098644774916 504403158265495571 6 520 3 1224979098644774917 1224979098644774916 10 4 0 32 2 1224979098644774917 0 526 3 1224979098644774913 504403158265495571 10 526 3 1224979098644774914 504403158265495571 11 2121 3 1224979098644774915 1224979098644774913 1224979098644774914 1 3 936748722493063640 1224979098644774917 1224979098644774915 2105 2 1224979098644774914 72057594037927936 506 3 504403158265495571 11 1224979098644774914 4 0 2147483680 2 1224979098644774913 1224979098644774914 1 2 936748722493063552 504403158265495571 3 0 5 0 1 3 936748722493063484 504403158265495571 0 3 0 3 0 
1.000000  14 2147483685 0 200 1 504403158265495590 2147483852 1 504403158265495590 31 2 144115188075856238 1 2105 2 144115188075856891 1 1 2 936748722493063590 1369094286720630801 2133 2 1224979098644774912 72057594037927936 2121 3 1224979098644774913 20 1224979098644774912 2107 2 1224979098644774913 3 2108 2 1224979098644774913 5 30 2 144115188075856891 1224979098644774913 2133 2 144115188075856891 0 1030 3 0 0 0 2060 1 864691128455135358 
1.000000  30 200 1 504403158265495574 2147483850 1 504403158265495574 4 0 31 2 144115188075856888 0 2281 3 1224979098644774912 144115188075856885 648518346341351424 2147483680 2 1224979098644774912 3 2133 2 144115188075856888 1 2342 2 1 144115188075856885 1106 1 1585267068834415408 3 0 4 0 31 2 144115188075856889 0 2281 3 1224979098644774912 144115188075856886 648518346341351424 2147483680 2 1224979098644774912 3 2133 2 144115188075856889 1 2342 2 1 144115188075856886 1106 1 1585267068834415408 3 0 4 0 31 2 144115188075856890 0 2281 3 1224979098644774912 144115188075856887 648518346341351424 2147483680 2 1224979098644774912 3 2133 2 144115188075856890 1 2342 2 1 144115188075856887 1106 1 1585267068834415408 3 0 31 2 144115188075856888 1 31 2 144115188075856889 1 31 2 144115188075856890 1 1 2 936748722493063552 504403158265495574 
3.000000  7 2147483685 0 200 1 504403158265495559 546 3 504403158265495559 11 0 506 3 504403158265495559 11 1 1030 3 0 0 0 2133 2 144115188075856088 144115188075856082 2133 2 144115188075856248 864691128455135437 
1.000000  55 2147483685 0 200 1 504403158265495557 31 2 144115188075856283 0 31 2 144115188075856237 1 526 3 1224979098644774912 504403158265495557 11 1073741855 2 1224979098644774912 1 1073741855 2 1224979098644774912 2 31 2 1224979098644774912 3 526 3 1224979098644774913 504403158265495557 10 2106 2 1224979098644774913 1 506 3 504403158265495557 10 1224979098644774913 1 2 936748722493063590 1369094286720630784 4 0 2147483678 2 1224979098644774913 0 2133 2 1224979098644774912 4 506 3 504403158265495557 11 4 1030 3 0 0 0 2060 1 864691128455135352 5 0 2133 2 1224979098644774914 144115188075856268 521 3 1224979098644774915 144115188075856273 50 2120 3 1224979098644774916 30 1224979098644774915 2107 2 1224979098644774914 1224979098644774916 2108 2 1224979098644774914 80 4 0 31 2 144115188075856271 1 2108 2 1224979098644774914 2 3 0 2111 2 1224979098644774914 2 2136 3 1224979098644774917 1 1224979098644774914 526 3 1224979098644774918 504403158265495557 22 2105 2 1224979098644774918 1224979098644774917 506 3 504403158265495557 22 1224979098644774918 1 3 936748722493063602 360287970189639680 1224979098644774917 3 0 4 0 31 2 1224979098644774912 1 2106 2 144115188075856269 1 2147483680 2 144115188075856269 0 506 3 504403158265495557 11 2 2060 1 864691128455135355 5 0 31 2 1224979098644774912 2 2106 2 144115188075856270 1 2147483680 2 144115188075856270 0 31 2 144115188075856271 0 506 3 504403158265495557 11 3 2123 3 1224979098644774919 10000 144115188075856267 2105 2 1224979098644774919 30 2136 3 1224979098644774920 0 1000 4 0 2147483678 2 1224979098644774920 1224979098644774919 2060 1 864691128455135356 3 0 3 0 
72.000000  9 32 2 144115188075856139 0 32 2 144115188075856140 0 4 0 2190 3 1224979098644774912 144115188075856139 144115188075856140 2147483678 2 1224979098644774912 0 1 4 936748722493063456 144115188075856139 144115188075856140 1 3 0 2133 2 144115188075856139 0 2133 2 144115188075856140 0 
1.000000  107 2320 2 51 216172782113786389 4 0 32 2 144115188075855986 0 31 2 144115188075856183 0 4 0 2147483758 1 144115188075855986 2147483679 2 144115188075856283 1 2320 2 51 216172782113786394 2133 2 144115188075856862 150 1025 2 144115188075855986 -1 5 0 500 3 144115188075855986 151 8 2133 2 144115188075855986 0 3 0 5 0 32 2 144115188075855984 0 31 2 144115188075856183 0 4 0 110 1 144115188075855984 2147483679 2 144115188075856283 1 2320 2 51 216172782113786390 1025 2 144115188075855984 -1 5 0 2133 2 144115188075855984 0 3 0 5 0 32 2 144115188075856025 0 31 2 144115188075856183 0 31 2 144115188075856758 0 4 0 110 1 144115188075856025 2147483679 2 144115188075856283 1 2320 2 51 216172782113786391 2133 2 144115188075856862 61 1025 2 144115188075856025 -1 5 0 2133 2 144115188075856025 0 3 0 5 0 32 2 144115188075855982 0 31 2 144115188075856183 0 31 2 144115188075856758 0 520 3 1224979098644774912 144115188075855982 71 4 0 110 1 144115188075855982 110 1 1224979098644774912 2147483679 2 144115188075856283 1 2133 2 144115188075856862 72 2320 2 51 216172782113786392 1025 2 144115188075855982 -1 5 0 2133 2 144115188075855982 0 3 0 5 0 32 2 144115188075855985 0 31 2 144115188075856183 0 31 2 144115188075856758 0 4 0 110 1 144115188075855985 2147483679 2 144115188075856283 1 2320 2 51 216172782113786393 2133 2 144115188075856862 145 1025 2 144115188075855985 -1 5 0 2133 2 144115188075855985 0 3 0 5 0 31 2 144115188075856029 0 31 2 144115188075856183 0 32 2 144115188075856028 0 4 0 110 1 144115188075856028 2147483679 2 144115188075856283 1 2133 2 144115188075856862 139 1025 2 144115188075856028 -1 5 0 2133 2 144115188075856028 0 3 0 5 0 31 2 144115188075856030 0 31 2 144115188075856183 0 6 3 1224979098644774913 360287970189640403 360287970189640419 110 1 1224979098644774913 540 3 1224979098644774913 78 0 520 3 1224979098644774914 1224979098644774913 60 32 2 1224979098644774914 0 2281 3 1224979098644774915 1224979098644774914 648518346341351424 2147483678 2 1224979098644774915 7 2133 2 144115188075856862 60 2320 2 51 216172782113786396 1025 2 1224979098644774913 -1 3 0 3 0 4 0 200 1 504403158265495598 33 3 144115188075856013 360287970189640713 360287970189640719 2147483758 1 144115188075856013 2147484188 3 144115188075856013 2 2 1610 3 648518346341351424 144115188075856013 1 3 0 4 0 200 1 504403158265495598 33 3 144115188075856013 360287970189640713 360287970189640719 110 1 144115188075856013 2147484190 3 432345564227567658 8 360287970189639680 1 3 936748722493063671 432345564227567658 360287970189639680 3 0 
0.001000  63 2112 3 144115188075857372 360287970189640403 360287970189640719 2105 2 144115188075857372 1 4 0 30 2 144115188075857372 360287970189640719 2133 2 144115188075857372 360287970189640403 3 0 4 0 2133 3 1224979098644774912 360287970189640403 360287970189640719 560 3 1224979098644774912 55 1 2173 2 1224979098644774913 1224979098644774912 520 3 1224979098644774914 1224979098644774912 55 520 3 1224979098644774915 1224979098644774912 10 2133 2 1224979098644774916 0 4 0 2147483680 2 1224979098644774915 0 2147484208 3 1224979098644774912 8 0 2133 2 1224979098644774916 1 5 0 32 2 1224979098644774915 0 1694 2 1224979098644774917 1224979098644774915 4 0 2147483678 2 1224979098644774917 0 1665 2 1224979098644774917 1224979098644774915 3 0 3221225505 3 1224979098644774917 648518346341351445 648518346341352452 541 3 1224979098644774917 7 1224979098644774912 2133 2 1224979098644774918 360287970189640719 6 3 1224979098644774919 360287970189640403 1224979098644774918 540 3 1224979098644774919 2 2 520 3 1224979098644774920 1224979098644774919 10 132 1 1224979098644774920 2204 2 1224979098644774921 1224979098644774920 31 2 1224979098644774921 1224979098644774913 2281 3 1224979098644774922 1224979098644774915 1224979098644774920 2147483678 2 1224979098644774922 4 2133 2 1224979098644774918 0 3 0 2147483679 2 1224979098644774918 0 2133 2 1224979098644774916 1 3 0 31 2 1224979098644774916 1 4 0 30 2 144115188075856163 1 2322 2 4 1224979098644774912 1106 1 1585267068834415409 3 0 1 3 936748722493063396 1224979098644774912 1224979098644774914 500 3 1224979098644774912 55 0 4 0 33 3 1224979098644774914 432345564227567658 432345564227567692 2341 2 1 1224979098644774912 2343 2 2 1224979098644774913 2343 2 3 1224979098644774914 1106 1 1585267068834415410 4 0 31 2 1224979098644774913 144115188075856287 1 4 936748722493063460 864691128455135427 1224979098644774912 1224979098644774914 5 0 31 2 1224979098644774914 144115188075856287 1 4 936748722493063460 864691128455135428 1224979098644774912 1224979098644774913 3 0 3 0 3 0 
1.000000  10 31 2 144115188075856163 1 6 3 1224979098644774912 648518346341351445 648518346341352452 1680 2 1224979098644774913 1224979098644774912 4 0 32 2 1224979098644774913 0 2330 2 2 1224979098644774912 2330 2 3 1224979098644774913 1106 1 1585267068834415411 3 0 3 0 
1.000000  70 2272 1 1224979098644774912 32 2 1224979098644774912 144115188075856892 2271 1 1224979098644774913 30 2 1224979098644774913 18 2136 3 1224979098644774914 0 4 1073741854 2 1224979098644774913 22 31 2 1224979098644774914 0 2133 2 144115188075856892 1224979098644774912 2149 2 1224979098644774915 360287970189639680 4 0 2147483678 2 1224979098644774915 0 2121 3 1224979098644774916 0 1224979098644774915 1528 2 360287970189639680 1224979098644774916 3 0 1671 2 1224979098644774917 648518346341351424 4 0 2320 2 1 216172782113785648 2319 1 2 1650 2 1224979098644774918 648518346341351424 2133 2 1224979098644774919 0 7 3 1224979098644774920 0 1224979098644774918 1652 3 1224979098644774921 648518346341351424 1224979098644774920 2147485155 1 1224979098644774921 1653 3 1224979098644774922 648518346341351424 1224979098644774920 2173 2 1224979098644774923 1224979098644774921 2133 2 1224979098644774924 1224979098644774917 4 0 30 2 1224979098644774923 432345564227567659 2147483678 2 1224979098644774923 432345564227567692 522 3 1224979098644774925 1224979098644774923 99 2108 2 1224979098644774925 100 2105 2 1224979098644774924 1224979098644774925 3 0 2147483678 2 1224979098644774924 32 2121 3 1224979098644774926 36 1224979098644774924 2108 2 1224979098644774926 4 2133 2 1224979098644774927 0 6 3 1224979098644774928 0 1224979098644774922 2136 3 1224979098644774914 0 100 2147483678 2 1224979098644774914 1224979098644774926 2105 2 1224979098644774927 1 1210 2 1224979098644774921 648518346341351424 3 0 4 0 30 2 1224979098644774927 1 2322 2 2 1224979098644774921 2133 2 72057594037927936 1224979098644774927 4 0 30 2 1224979098644774919 1 2320 2 1 216172782113786397 5 0 2320 2 3 1 2320 2 1 216172782113786398 3 0 2105 2 1224979098644774919 1224979098644774927 3 0 3 0 4 0 30 2 1224979098644774919 1 4 0 30 2 1224979098644774919 2 2320 2 2 216172782113785651 5 0 2320 2 2 216172782113785650 3 0 2320 2 1 216172782113786399 31 2 144115188075856183 0 1120 2 1 216172782113785649 3 0 3 0 
1.000000  1 1 1 936748722493063725 
1.000000  30 4 0 31 2 144115188075856283 1 2147483780 1 144115188075856063 1030 3 0 0 0 3 0 2133 2 1224979098644774912 144115188075857058 521 3 1224979098644774913 1224979098644774912 38 31 2 1224979098644774913 0 4 0 521 3 1224979098644774914 1224979098644774912 120 521 3 1224979098644774915 1224979098644774914 240 2270 1 1224979098644774916 4 0 31 2 144115188075856163 1 33 3 1224979098644774912 648518346341351445 648518346341352452 33 3 1224979098644774914 648518346341351445 648518346341352452 2330 2 4 1224979098644774912 2330 2 5 1224979098644774914 2270 1 72057594037927939 521 3 72057594037927940 1224979098644774914 240 1106 1 1585267068834415412 3 0 31 2 1224979098644774916 1224979098644774915 1678 2 1224979098644774912 1008806316530991157 1678 2 1224979098644774912 1008806316530991158 5 0 2120 3 1224979098644774917 1224979098644774915 4 31 2 1224979098644774917 1224979098644774916 1679 1 1224979098644774912 3 0 
24.000000  51 2106 2 144115188075857044 1 2111 2 144115188075857044 -1 2106 2 144115188075857045 1 2111 2 144115188075857045 -1 1669 2 648518346341352478 216172782113786945 1669 2 648518346341352479 216172782113786947 1669 2 648518346341352480 216172782113786948 1669 2 648518346341352481 216172782113786949 1669 2 648518346341352482 216172782113786950 1669 2 648518346341352483 216172782113786950 1669 2 648518346341352484 216172782113786946 500 3 360287970189640413 60 648518346341351451 500 3 360287970189640410 60 648518346341351803 500 3 360287970189640417 67 648518346341351464 501 3 648518346341351861 225 0 501 3 648518346341351862 225 0 501 3 648518346341351863 225 0 501 3 648518346341351864 225 0 501 3 648518346341351865 225 0 501 3 648518346341351870 225 0 501 3 648518346341351877 225 0 501 3 648518346341351835 214 0 501 3 648518346341351773 214 15 4 0 200 1 504403158265495593 203 1 504403158265495593 1 2 936748722493063555 504403158265495593 3 0 4 0 200 1 504403158265495563 526 3 1224979098644774912 504403158265495563 6 2173 2 1224979098644774913 1224979098644774912 2190 3 1224979098644774914 1224979098644774913 144115188075856287 3221225502 2 1224979098644774914 0 2147483681 3 1224979098644774913 432345564227567658 432345564227567692 1 3 936748722493063484 504403158265495563 0 3 0 4 0 33 3 144115188075856287 432345564227567658 432345564227567692 2147483679 2 144115188075856287 432345564227567658 542 3 144115188075856287 8 360287970189639680 2105 2 144115188075857049 1 5 0 2133 2 144115188075857049 0 3 0 6 3 1224979098644774915 648518346341351445 648518346341351512 521 3 1224979098644774916 1224979098644774915 139 30 2 1224979098644774916 1 2106 2 1224979098644774916 1 501 3 1224979098644774915 139 1224979098644774916 3 0 
24.000000  18 507 3 288230376151711865 1 8 507 3 288230376151711863 1 2 507 3 288230376151711854 1 4 507 3 288230376151711859 1 5 507 3 288230376151711855 1 5 507 3 288230376151711857 1 5 507 3 288230376151711868 1 4 507 3 288230376151711866 1 8 507 3 288230376151711864 1 7 507 3 288230376151711867 1 6 507 3 288230376151711862 1 1 507 3 288230376151711858 1 2 507 3 288230376151711861 1 3 507 3 288230376151711860 1 4 507 3 288230376151711850 1 4 507 3 288230376151711856 1 6 507 3 288230376151711852 1 5 507 3 288230376151711853 1 4 
1.000000  196 2136 3 1224979098644774912 -2 3 2105 2 144115188075857322 1224979098644774912 2136 3 1224979098644774912 -2 3 2105 2 144115188075857323 1224979098644774912 2112 3 144115188075857322 15 36 2112 3 144115188075857323 -35 -14 2121 3 1224979098644774913 144115188075857322 144115188075857323 2123 3 1224979098644774914 1224979098644774913 20 2121 3 1224979098644774915 0 1224979098644774914 2105 2 1224979098644774914 1 2136 3 1224979098644774912 1224979098644774915 1224979098644774914 2105 2 144115188075857324 1224979098644774912 2136 3 1224979098644774912 1224979098644774915 1224979098644774914 2105 2 144115188075857325 1224979098644774912 2136 3 1224979098644774912 1224979098644774915 1224979098644774914 2105 2 144115188075857326 1224979098644774912 2112 3 144115188075857324 960 1036 2112 3 144115188075857325 960 1036 2112 3 144115188075857326 960 1036 2121 3 1224979098644774916 144115188075857324 144115188075857325 2121 3 1224979098644774917 144115188075857325 144115188075857326 1 2 936748722493063778 1224979098644774916 2133 2 1224979098644774916 72057594037927936 1 2 936748722493063778 1224979098644774917 2133 2 1224979098644774917 72057594037927936 2133 2 144115188075857339 1224979098644774916 2133 2 144115188075857341 1224979098644774917 2120 3 144115188075857340 1224979098644774916 1224979098644774917 2108 2 144115188075857340 2 2105 2 144115188075857339 1224979098644774913 2105 2 144115188075857340 1224979098644774913 2105 2 144115188075857341 1224979098644774913 2106 2 144115188075857339 25 2106 2 144115188075857340 25 2106 2 144115188075857341 25 2108 2 144115188075857339 2 2108 2 144115188075857340 2 2108 2 144115188075857341 2 2133 2 144115188075857342 144115188075857339 2133 2 144115188075857343 144115188075857340 2133 2 144115188075857344 144115188075857341 2136 3 1224979098644774912 -6 7 2105 2 144115188075857342 1224979098644774912 2136 3 1224979098644774912 -6 7 2105 2 144115188075857343 1224979098644774912 2136 3 1224979098644774912 -6 7 2105 2 144115188075857344 1224979098644774912 2112 3 144115188075857342 1 66 2112 3 144115188075857343 1 66 2112 3 144115188075857344 1 66 2112 3 144115188075857339 0 61 2112 3 144115188075857340 0 61 2112 3 144115188075857341 0 61 2136 3 1224979098644774912 -4 5 2105 2 144115188075857336 1224979098644774912 2136 3 1224979098644774912 -4 5 2105 2 144115188075857337 1224979098644774912 2136 3 1224979098644774912 -4 5 2105 2 144115188075857338 1224979098644774912 2112 3 144115188075857336 30 101 2112 3 144115188075857337 20 101 2112 3 144115188075857338 1 61 2123 3 1224979098644774918 144115188075857342 4 2121 3 1224979098644774919 0 1224979098644774918 2105 2 1224979098644774918 1 2121 3 1224979098644774920 144115188075857336 20 2123 3 1224979098644774921 1224979098644774920 20 2105 2 1224979098644774921 -1 2105 2 1224979098644774918 1224979098644774921 2105 2 1224979098644774919 1224979098644774921 4 0 32 2 144115188075857091 1224979098644774920 2121 3 1224979098644774922 144115188075857336 144115188075857091 2108 2 1224979098644774922 20 2105 2 1224979098644774918 1224979098644774922 2105 2 1224979098644774919 1224979098644774922 3 0 2136 3 1224979098644774912 1224979098644774919 1224979098644774918 2105 2 144115188075857091 1224979098644774912 2123 3 1224979098644774918 144115188075857343 4 2121 3 1224979098644774919 0 1224979098644774918 2105 2 1224979098644774918 1 2121 3 1224979098644774923 144115188075857337 19 2123 3 1224979098644774921 1224979098644774923 20 2105 2 1224979098644774921 -1 2105 2 1224979098644774918 1224979098644774921 2105 2 1224979098644774919 1224979098644774921 4 0 32 2 144115188075857348 1224979098644774923 2121 3 1224979098644774922 144115188075857337 144115188075857348 2108 2 1224979098644774922 20 2105 2 1224979098644774918 1224979098644774922 2105 2 1224979098644774919 1224979098644774922 3 0 2136 3 1224979098644774912 1224979098644774919 1224979098644774918 2105 2 144115188075857348 1224979098644774912 2123 3 1224979098644774918 144115188075857344 4 2121 3 1224979098644774919 0 1224979098644774918 2105 2 1224979098644774918 1 2123 3 1224979098644774921 144115188075857336 20 2105 2 1224979098644774921 -1 2105 2 1224979098644774918 1224979098644774921 2105 2 1224979098644774919 1224979098644774921 4 0 32 2 144115188075857349 144115188075857338 2121 3 1224979098644774922 144115188075857338 144115188075857349 2108 2 1224979098644774922 33 2105 2 1224979098644774918 1224979098644774922 2105 2 1224979098644774919 1224979098644774922 3 0 2136 3 1224979098644774912 1224979098644774919 1224979098644774918 2105 2 144115188075857349 1224979098644774912 2112 3 144115188075857091 0 101 2112 3 144115188075857348 0 101 2112 3 144115188075857349 0 101 2136 3 1224979098644774912 -2 1 2105 2 144115188075857090 1224979098644774912 2136 3 1224979098644774912 0 144115188075857336 2108 2 1224979098644774912 15 2105 2 144115188075857090 1224979098644774912 2136 3 1224979098644774912 -2 1 2105 2 144115188075857350 1224979098644774912 2136 3 1224979098644774912 0 144115188075857337 2108 2 1224979098644774912 20 2105 2 144115188075857350 1224979098644774912 2112 3 144115188075857090 0 101 2112 3 144115188075857350 0 101 2133 2 144115188075857351 0 2120 3 1224979098644774924 144115188075857339 144115188075857091 2105 2 1224979098644774924 144115188075857090 2108 2 1224979098644774924 35 2136 3 1224979098644774912 -1 2 2105 2 144115188075857327 1224979098644774912 2112 3 144115188075857327 10 36 2121 3 144115188075857330 144115188075857327 1224979098644774924 2112 3 144115188075857330 0 26 2120 3 1224979098644774924 144115188075857340 144115188075857348 2105 2 1224979098644774924 144115188075857350 2108 2 1224979098644774924 35 2136 3 1224979098644774912 -1 2 2105 2 144115188075857328 1224979098644774912 2112 3 144115188075857328 14 42 2121 3 144115188075857331 144115188075857328 1224979098644774924 2112 3 144115188075857331 5 26 2120 3 1224979098644774924 144115188075857341 144115188075857349 2105 2 1224979098644774924 144115188075857351 2108 2 1224979098644774924 35 2136 3 1224979098644774912 -1 2 2105 2 144115188075857329 1224979098644774912 2112 3 144115188075857329 17 46 2121 3 144115188075857332 144115188075857329 1224979098644774924 2112 3 144115188075857332 10 31 2133 2 144115188075857333 144115188075857330 2133 2 144115188075857334 144115188075857331 2133 2 144115188075857335 144115188075857332 2133 2 1224979098644774925 144115188075857354 4 0 32 2 1224979098644774925 7 2121 3 1224979098644774925 14 1224979098644774925 3 0 2105 2 1224979098644774925 -4 2107 2 1224979098644774925 3 2105 2 144115188075857333 1224979098644774925 2105 2 144115188075857334 1224979098644774925 2105 2 144115188075857335 1224979098644774925 2271 1 1224979098644774926 4 0 1073741857 3 1224979098644774926 16 18 33 3 1224979098644774926 11 15 2136 3 1224979098644774926 -2 0 5 0 1073741857 3 1224979098644774926 17 20 33 3 1224979098644774926 9 12 2136 3 1224979098644774926 -4 -2 5 0 1073741857 3 1224979098644774926 19 22 33 3 1224979098644774926 7 10 2136 3 1224979098644774926 -6 -4 5 0 1073741857 3 1224979098644774926 21 25 33 3 1224979098644774926 4 8 2136 3 1224979098644774926 -8 -6 5 0 1073741857 3 1224979098644774926 0 3 33 3 1224979098644774926 3 5 2136 3 1224979098644774926 -10 -8 5 0 2133 2 1224979098644774926 0 3 0 2105 2 144115188075857333 1224979098644774926 2105 2 144115188075857334 1224979098644774926 2105 2 144115188075857335 1224979098644774926 2112 3 144115188075857333 -1 36 2112 3 144115188075857334 -1 36 2112 3 144115188075857335 5 36 2133 2 144115188075857115 0 
24.000000  0 
24.000000  0 
24.000000  0 
24.000000  0 
24.000000  0 
24.000000  0 
24.000000  0 
0.000000  44 1608 2 1224979098644774912 648518346341351424 4 0 1073741855 2 1224979098644774912 0 1073741855 2 1224979098644774912 1 1073741855 2 1224979098644774912 3 1073741855 2 1224979098644774912 9 1073741855 2 1224979098644774912 7 31 2 1224979098644774912 11 2133 2 144115188075857373 144115188075857342 2133 2 144115188075857374 144115188075857091 2133 2 144115188075857375 144115188075857090 5 0 1073741855 2 1224979098644774912 2 31 2 1224979098644774912 10 2133 2 144115188075857373 144115188075857343 2133 2 144115188075857374 144115188075857348 2133 2 144115188075857375 144115188075857350 5 0 2133 2 144115188075857373 144115188075857344 2133 2 144115188075857374 144115188075857349 2133 2 144115188075857375 144115188075857351 3 0 2133 2 144115188075857093 0 37 0 1541 3 1224979098644774913 360287970189643206 10 31 2 1224979098644774913 288230376151711845 6 3 1224979098644774914 360287970189643192 360287970189643202 2121 3 1224979098644774915 1224979098644774914 360287970189643192 2107 2 1224979098644774915 10 6 3 1224979098644774916 0 9 2120 3 1224979098644774917 1224979098644774916 1224979098644774915 520 3 1224979098644774913 360287970189643206 1224979098644774917 32 2 1224979098644774913 0 1543 3 1224979098644774914 1224979098644774916 1224979098644774913 3 0 3 0 6 3 1224979098644774914 360287970189643192 360287970189643202 2121 3 1224979098644774918 1224979098644774914 360287970189643192 2120 3 1224979098644774919 432345564227567623 1224979098644774918 2335 2 2 1224979098644774919 1501 2 1224979098644774914 2 1502 2 1224979098644774914 2 3 0 1532 1 360287970189643206 
24.000000  5 6 3 1224979098644774912 648518346341351445 648518346341352452 2204 2 1224979098644774913 1224979098644774912 522 3 1224979098644774914 1224979098644774913 10 501 3 1224979098644774912 19 1224979098644774914 3 0 
24.000000  24 6 3 1224979098644774912 432345564227567659 432345564227567692 6 3 1224979098644774913 406 425 2120 3 1224979098644774914 1224979098644774913 19 522 3 1224979098644774915 1224979098644774912 1224979098644774913 522 3 1224979098644774916 1224979098644774912 1224979098644774914 2147483679 2 1224979098644774916 -1 2147483679 2 1224979098644774915 10000 30 2 144115188075857320 1224979098644774916 2136 3 1224979098644774917 0 144115188075857092 2147483680 2 1224979098644774917 0 502 3 1224979098644774912 1224979098644774913 10000 4 0 1073741857 3 1224979098644774913 409 412 31 2 1224979098644774913 419 2133 2 1224979098644774918 216172782113787304 2121 3 1224979098644774919 1224979098644774913 406 2105 2 1224979098644774918 1224979098644774919 2105 2 1224979098644774918 1224979098644774919 2320 2 2 1224979098644774918 2335 2 1 1224979098644774912 1106 2 1585267068834415413 9102079 3 0 3 0 3 0 
24.000000  11 4 0 2147483678 2 144115188075857319 0 2133 2 144115188075857319 144115188075857092 3 0 2106 2 144115188075857319 1 2112 3 144115188075857319 0 144115188075857092 31 2 144115188075857319 0 2133 2 144115188075857319 144115188075857092 2105 2 144115188075857320 1 2133 2 72057594037927936 144115188075857320 1106 2 1585267068834415414 9102079 
4.000000  18 6 3 1224979098644774912 432345564227567657 432345564227567692 522 3 1224979098644774913 1224979098644774912 444 2147483679 2 1224979098644774913 -1 522 3 1224979098644774914 1224979098644774912 1224979098644774913 2123 3 1224979098644774915 832 144115188075857092 2105 2 1224979098644774914 1224979098644774915 2112 3 1224979098644774914 0 10001 502 3 1224979098644774912 1224979098644774913 1224979098644774914 4 0 31 2 1224979098644774914 10000 502 3 1224979098644774912 444 -1 4 0 31 2 1224979098644774912 144115188075856287 2133 2 72057594037927956 1224979098644774913 2060 1 864691128455135455 3 0 3 0 3 0 
0.001000  15 37 0 2105 2 144115188075857318 1 4 0 32 2 144115188075857318 432345564227567692 2133 2 144115188075857318 432345564227567658 2105 2 144115188075857317 1 3 0 4 0 32 2 144115188075857317 432345564227567692 2133 2 144115188075857317 432345564227567659 3 0 1 2 936748722493063868 1 1 1 936748722493063875 1 1 936748722493063876 1 1 936748722493063877 
1.000000  201 4 0 200 1 504403158265495645 2204 2 1224979098644774912 648518346341351767 31 2 1224979098644774912 432345564227567658 2120 3 1224979098644774913 432345564227567676 200 2106 2 1224979098644774913 432345564227567658 522 3 1224979098644774914 432345564227567658 1224979098644774913 1073742366 3 432345564227567676 21 2 30 2 1224979098644774914 60 1281 1 504403158265495645 2133 2 144115188075857082 2 3 0 4 0 200 1 504403158265495646 2204 2 1224979098644774912 648518346341351490 31 2 1224979098644774912 432345564227567658 2204 2 1224979098644774912 648518346341351673 31 2 1224979098644774912 432345564227567658 2120 3 1224979098644774913 432345564227567661 200 2106 2 1224979098644774913 432345564227567658 522 3 1224979098644774914 432345564227567658 1224979098644774913 2120 3 1224979098644774913 432345564227567658 200 2106 2 1224979098644774913 432345564227567658 522 3 1224979098644774915 432345564227567661 1224979098644774913 2106 2 1224979098644774914 1224979098644774915 1073742366 3 432345564227567661 21 2 30 2 1224979098644774914 30 2120 3 1224979098644774913 432345564227567685 200 2106 2 1224979098644774913 432345564227567658 522 3 1224979098644774914 432345564227567658 1224979098644774913 2120 3 1224979098644774913 432345564227567658 200 2106 2 1224979098644774913 432345564227567658 522 3 1224979098644774915 432345564227567685 1224979098644774913 2106 2 1224979098644774914 1224979098644774915 1073742366 3 432345564227567685 21 2 30 2 1224979098644774914 30 2120 3 1224979098644774913 432345564227567689 200 2106 2 1224979098644774913 432345564227567658 522 3 1224979098644774914 432345564227567658 1224979098644774913 2120 3 1224979098644774913 432345564227567658 200 2106 2 1224979098644774913 432345564227567658 522 3 1224979098644774915 432345564227567689 1224979098644774913 2106 2 1224979098644774914 1224979098644774915 1073742366 3 432345564227567689 21 2 30 2 1224979098644774914 30 1281 1 504403158265495646 2133 2 144115188075857082 4 3 0 4 0 200 1 504403158265495642 2204 2 1224979098644774912 648518346341351455 31 2 1224979098644774912 432345564227567658 2120 3 1224979098644774913 432345564227567662 200 2106 2 1224979098644774913 432345564227567658 522 3 1224979098644774914 432345564227567658 1224979098644774913 1073742366 3 432345564227567662 21 2 30 2 1224979098644774914 90 1 4 936748722493063870 432345564227567658 432345564227567662 50 1281 1 504403158265495642 2335 2 31 432345564227567658 2335 2 32 432345564227567662 2322 2 33 360287970189639680 2060 1 864691128455135457 4 0 31 2 144115188075857321 432345564227567669 2147483848 1 504403158265495644 1275 2 432345564227567658 1585267068834415415 1 3 936748722493063854 432345564227567658 39 5 0 31 2 144115188075857321 432345564227567677 2147483848 1 504403158265495643 1275 2 432345564227567658 1585267068834415415 1 3 936748722493063854 432345564227567658 38 3 0 3 0 4 0 200 1 504403158265495643 2204 2 1224979098644774912 648518346341351467 31 2 1224979098644774912 432345564227567658 2120 3 1224979098644774913 432345564227567669 200 2106 2 1224979098644774913 432345564227567658 522 3 1224979098644774914 432345564227567658 1224979098644774913 1073742366 3 432345564227567669 21 2 30 2 1224979098644774914 80 1 4 936748722493063870 432345564227567658 432345564227567669 50 1281 1 504403158265495643 2335 2 31 432345564227567658 2335 2 32 432345564227567669 2322 2 33 360287970189639680 2060 1 864691128455135457 4 0 31 2 144115188075857321 432345564227567662 2147483848 1 504403158265495644 1275 2 432345564227567658 1585267068834415415 5 0 31 2 144115188075857321 432345564227567677 2147483848 1 504403158265495642 1275 2 432345564227567658 1585267068834415415 1 3 936748722493063854 432345564227567658 38 3 0 3 0 4 0 200 1 504403158265495644 2204 2 1224979098644774912 648518346341351484 31 2 1224979098644774912 432345564227567658 2120 3 1224979098644774913 432345564227567677 200 2106 2 1224979098644774913 432345564227567658 522 3 1224979098644774914 432345564227567658 1224979098644774913 1073742366 3 432345564227567677 21 2 30 2 1224979098644774914 60 1 4 936748722493063870 432345564227567658 432345564227567677 50 1281 1 504403158265495644 2335 2 31 432345564227567658 2335 2 32 432345564227567677 2322 2 33 360287970189639680 2060 1 864691128455135457 4 0 31 2 144115188075857321 432345564227567662 2147483848 1 504403158265495643 1275 2 432345564227567658 1585267068834415415 5 0 31 2 144115188075857321 432345564227567669 2147483848 1 504403158265495642 1275 2 432345564227567658 1585267068834415415 1 3 936748722493063854 432345564227567658 39 3 0 3 0 4 0 2147483679 2 144115188075857321 432345564227567662 2147483679 2 144115188075857321 432345564227567669 2147483679 2 144115188075857321 432345564227567677 2204 2 1224979098644774912 648518346341351455 4 0 31 2 1224979098644774912 432345564227567669 542 3 432345564227567662 21 0 1 4 936748722493063870 432345564227567669 432345564227567662 0 2335 2 31 432345564227567669 2335 2 32 432345564227567662 2322 2 33 360287970189640429 2060 1 864691128455135457 5 0 31 2 1224979098644774912 432345564227567677 542 3 432345564227567662 21 0 1 4 936748722493063870 432345564227567677 432345564227567662 0 2335 2 31 432345564227567677 2335 2 32 432345564227567662 2322 2 33 360287970189640437 2060 1 864691128455135457 3 0 2204 2 1224979098644774912 648518346341351467 4 0 31 2 1224979098644774912 432345564227567662 542 3 432345564227567669 21 0 1 4 936748722493063870 432345564227567662 432345564227567669 0 2335 2 31 432345564227567662 2335 2 32 432345564227567669 2322 2 33 360287970189640422 2060 1 864691128455135457 5 0 31 2 1224979098644774912 432345564227567677 542 3 432345564227567669 21 0 1 4 936748722493063870 432345564227567677 432345564227567669 0 2335 2 31 432345564227567677 2335 2 32 432345564227567669 2322 2 33 360287970189640437 2060 1 864691128455135457 3 0 2204 2 1224979098644774912 648518346341351484 4 0 31 2 1224979098644774912 432345564227567662 542 3 432345564227567677 21 0 1 4 936748722493063870 432345564227567662 432345564227567677 0 2335 2 31 432345564227567662 2335 2 32 432345564227567677 2322 2 33 360287970189640422 2060 1 864691128455135457 5 0 31 2 1224979098644774912 432345564227567669 542 3 432345564227567677 21 0 1 4 936748722493063870 432345564227567669 432345564227567677 0 2335 2 31 432345564227567669 2335 2 32 432345564227567677 2322 2 33 360287970189640429 2060 1 864691128455135457 3 0 4 0 542 3 432345564227567669 21 2 542 3 432345564227567677 21 2 1275 2 432345564227567662 1585267068834415415 5 0 542 3 432345564227567662 21 2 542 3 432345564227567677 21 2 1275 2 432345564227567669 1585267068834415415 1 3 936748722493063854 432345564227567669 39 5 0 542 3 432345564227567662 21 2 542 3 432345564227567669 21 2 1275 2 432345564227567677 1585267068834415415 1 3 936748722493063854 432345564227567669 38 3 0 3 0 
48.000000  5 6 3 1224979098644774912 432345564227567658 432345564227567692 522 3 1224979098644774913 1224979098644774912 450 32 2 1224979098644774913 0 1 3 936748722493063878 1224979098644774912 -1 3 0 
0.800000  79 2112 3 144115188075857376 432345564227567658 432345564227567692 2105 2 144115188075857376 1 4 0 30 2 144115188075857376 432345564227567692 2133 2 144115188075857376 432345564227567658 3 0 4 0 2133 2 1224979098644774912 144115188075857376 522 3 1224979098644774913 1224979098644774912 451 522 3 1224979098644774914 1224979098644774912 452 4 0 33 3 1224979098644774913 432345564227567658 432345564227567692 1 3 936748722493063694 1224979098644774912 1224979098644774913 31 2 72057594037927936 0 2147483678 2 72057594037927996 1 2105 2 1224979098644774914 8 502 3 1224979098644774912 452 1224979098644774914 4 0 30 2 1224979098644774914 100 502 3 1224979098644774912 451 0 502 3 1224979098644774912 452 0 2335 2 31 1224979098644774912 2335 2 32 1224979098644774913 2136 3 1224979098644774915 10 15 2133 2 72057594037927946 1224979098644774915 2120 3 1224979098644774916 1224979098644774913 160 2106 2 1224979098644774916 432345564227567658 502 3 1224979098644774912 1224979098644774916 1224979098644774915 1106 1 1585267068834415157 1073741855 2 1224979098644774912 432345564227567658 31 2 1224979098644774913 432345564227567658 4 0 1 2 936748722493063853 50 2060 1 864691128455135458 5 0 2060 1 864691128455135459 3 0 522 3 1224979098644774917 1224979098644774913 450 2112 3 1224979098644774917 0 51 2108 2 1224979098644774917 5 4 0 2133 2 1224979098644774918 10 2106 2 1224979098644774918 1224979098644774917 3 0 1 3 936748722493063878 1224979098644774912 1224979098644774918 3 0 3 0 522 3 1224979098644774919 1224979098644774912 453 522 3 1224979098644774920 1224979098644774912 454 33 3 1224979098644774919 432345564227567658 432345564227567692 1 3 936748722493063694 1224979098644774912 1224979098644774919 31 2 72057594037927936 0 2147483678 2 72057594037927996 1 2190 3 1224979098644774921 1224979098644774912 1224979098644774919 2105 2 1224979098644774921 2 2105 2 1224979098644774920 10 4 0 31 2 1224979098644774912 432345564227567658 2147483680 2 1224979098644774921 50 1 3 936748722493063443 1224979098644774919 2 5 0 31 2 1224979098644774919 432345564227567658 2147483680 2 1224979098644774921 50 1 3 936748722493063443 1224979098644774912 2 5 0 2147483680 2 1224979098644774921 50 1270 3 1224979098644774912 1224979098644774919 1224979098644774921 1270 3 1224979098644774919 1224979098644774912 1224979098644774921 3 0 502 3 1224979098644774912 454 1224979098644774920 4 0 30 2 1224979098644774920 100 502 3 1224979098644774912 453 0 502 3 1224979098644774912 454 0 31 2 1224979098644774912 432345564227567658 2335 2 31 1224979098644774919 1106 1 1585267068834415416 3 0 3 0 
0.100000  69 2112 3 144115188075857377 432345564227567658 432345564227567692 2105 2 144115188075857377 1 4 0 30 2 144115188075857377 432345564227567692 2133 2 144115188075857377 432345564227567658 3 0 4 0 2133 2 1224979098644774912 144115188075857377 542 3 1224979098644774912 21 0 6 3 1224979098644774913 432345564227567658 432345564227567692 542 3 1224979098644774913 21 0 1 3 936748722493063694 1224979098644774912 1224979098644774913 31 2 72057594037927936 0 32 2 72057594037927996 0 2133 2 1224979098644774914 0 6 3 1224979098644774915 432345564227567658 432345564227567692 2147483679 2 1224979098644774912 432345564227567658 542 3 1224979098644774915 21 0 1 3 936748722493063694 1224979098644774913 1224979098644774915 31 2 72057594037927936 -2 1 3 936748722493063694 1224979098644774912 1224979098644774915 2147483679 2 72057594037927936 -2 2147483679 2 72057594037927936 1 4 0 1 4 936748722493063890 1224979098644774912 1224979098644774913 1224979098644774915 5 0 2133 2 1224979098644774914 1 3 0 3 0 6 3 1224979098644774915 432345564227567658 432345564227567692 542 3 1224979098644774915 21 0 1 3 936748722493063694 1224979098644774913 1224979098644774915 31 2 72057594037927936 -2 1 3 936748722493063694 1224979098644774912 1224979098644774915 2147483679 2 72057594037927936 -2 2147483679 2 72057594037927936 1 4 0 31 2 1224979098644774912 432345564227567658 522 3 1224979098644774916 1224979098644774913 11 2335 2 31 1224979098644774913 2335 2 32 1224979098644774915 2322 2 33 1224979098644774916 2133 2 72057594037927946 1224979098644774913 2133 2 72057594037927947 1224979098644774915 2060 1 864691128455135462 5 0 4 0 31 2 1224979098644774914 0 2120 3 1224979098644774917 1224979098644774915 160 2106 2 1224979098644774917 432345564227567658 502 3 1224979098644774912 1224979098644774917 10 2133 2 144115188075857089 1 2335 2 31 1224979098644774913 1 4 936748722493063450 1224979098644774912 1224979098644774915 1 2133 2 144115188075857089 0 2120 3 1224979098644774917 1224979098644774915 455 2106 2 1224979098644774917 432345564227567658 502 3 1224979098644774912 1224979098644774917 500 5 0 1 3 936748722493063891 1224979098644774912 1224979098644774913 522 3 1224979098644774918 1224979098644774913 450 2108 2 1224979098644774918 2 2121 3 1224979098644774919 15 1224979098644774918 1 3 936748722493063878 1224979098644774912 1224979098644774919 3 0 3 0 3 0 3 0 3 0 
0.001000  25 2112 3 144115188075857378 432345564227567659 432345564227567692 2105 2 144115188075857378 1 4 0 30 2 144115188075857378 432345564227567692 2133 2 144115188075857378 432345564227567659 3 0 4 0 2133 2 1224979098644774912 144115188075857378 1 2 936748722493063360 1224979098644774912 542 3 1224979098644774912 21 0 522 3 1224979098644774913 1224979098644774912 80 522 3 1224979098644774914 1224979098644774912 81 522 3 1224979098644774915 1224979098644774912 82 2107 2 1224979098644774914 3 2107 2 1224979098644774915 5 2120 3 1224979098644774916 1224979098644774913 1224979098644774914 2105 2 1224979098644774916 1224979098644774915 2124 1 1 2107 2 1224979098644774916 10 2125 2 1224979098644774916 1224979098644774916 2122 3 1224979098644774917 1224979098644774916 360 2122 3 1224979098644774918 1224979098644774916 150 502 3 1224979098644774912 497 1224979098644774917 502 3 1224979098644774912 498 1224979098644774918 3 0 
3.000000  38 2112 3 144115188075857379 432345564227567659 432345564227567692 2105 2 144115188075857379 1 4 0 30 2 144115188075857379 432345564227567692 2133 2 144115188075857379 432345564227567659 3 0 4 0 2133 2 1224979098644774912 144115188075857379 542 3 1224979098644774912 21 0 6 3 1224979098644774913 432345564227567658 432345564227567692 542 3 1224979098644774913 21 0 1 3 936748722493063694 1224979098644774912 1224979098644774913 31 2 72057594037927936 0 2190 3 1224979098644774914 1224979098644774912 1224979098644774913 2190 3 1224979098644774915 1224979098644774912 1224979098644774913 522 3 1224979098644774916 1224979098644774913 450 2112 3 1224979098644774916 0 31 2108 2 1224979098644774916 -10 4 0 31 2 1224979098644774916 0 1 2 936748722493063853 1 2133 2 1224979098644774916 -1 3 0 2105 2 1224979098644774914 1224979098644774916 4 0 32 2 1224979098644774915 60 2111 2 1224979098644774914 60 3 0 2111 2 1224979098644774914 0 4 0 31 2 1224979098644774913 432345564227567658 30 2 1224979098644774914 0 1 3 936748722493063443 1224979098644774912 1224979098644774916 5 0 1270 3 1224979098644774912 1224979098644774913 1224979098644774914 1270 0 3 0 3 0 
