1
1
1
1
1
1
1
1
1
1
1
1
1
1
1
1
1
1
1
1
1
1
1
1
1
1
1
1
1
1
1
1
1
1
1
1
1
1
1
1
1
1
1
1
1
1
1
1
1
1
1
1
1
1
1
1
1
1
1
1
1
1
1
1
1
1
1
1
1
1
1
1
1
1
1
1
1
1
1
1
1
1
1
1
1
1
1
1
1
1
1
1
1
1
1
1
1
1
1
1
6
3
7
5
4
3
3
3
7
7
7
6
5
6
14
1846
12
381
186
23
88
96
7
2
16
28
6
6
2
3
2
3
2
2
9
152
33
41
2
18
21
67
2
2
2
20
13
5
6
98
6
7
96
11
11
10
5
2
2
24
4
27
46
13
5
2
13
2
14
5
2
5
7
9
6
11
6
14
12
2
6
3
6
6
6
3
2
9
2
3
18
30
7
8
57
4
15
15
22
6
4
6
22
3
5
3
5
3
161
7
4
19
20
11
11
11
21
4
2
19
3
2
11
4
18
2
6
5
5
5
9
4
9
3
3
10
15
7
229
6
1
2
6
2
2
2
2
5
2
6
5
5
5
5
5
25
2
2
4
6
3
3
2
6
2
5
6
4
4
23
17
4
2
2
2
4
3
3
9
3
2
2
2
2
68
3
5
3
2
3
47
575
5
1
1
6
71
48
1
27
16
22
16
10
37
13
7
24
29
13
4
20
15
24
21
8
135
76
17
16
16
48
12
5
19
6
5
4
5
13
6
5
5
6
11
4
5
4
13
17
17
729
21
38
19
31
7
9
14
5
25
17
4
28
4
8
10
13
11
9
7
4
7
4
14
5
4
7
15
12
4
6
20
15
20
11
6
5
23
7
11
11
5
12
10
4
43
11
11
11
11
11
4
21
8
16
3
3
3
9
10
998
4
4
17
5
4
6
17
4
15
39
12
72
10
757
8
5
3
3
5
2
2
2
2
19
15
5
2
2
27
19
27
14
8
3
10
19
5
9
11
4
7
2
8
2
2
2
2
2
2
3
6
3
3
1
13
2
2
2
2
2
2
2
2
2
6
1
25
3
3
3
3
3
2
1
14
2
2
2
2
2
2
2
1
9
2
2
2
2
2
2
1
17
11
492
13
17
9
4
2
2
27
2
2
3
3
2
2
2
19
15
51
39
9
5
38
15
15
15
3
2
2
10
4
15
16
8
8
8
8
8
8
8
8
8
7
7
7
2
2
2
2
2
2
2
2
2
3
4
3
5
4
4
4
4
4
4
6
6
5
7
4
4
4
4
4
4
4
9
7
10
4
4
4
11
4
4
4
4
4
4
4
4
4
4
4
4
4
12
4
4
4
4
41
14
18
4
4
7
3
7
3
4
6
2
2
4
19
4
7
3
7
3
7
3
7
3
7
3
7
3
7
3
7
3
7
3
4
4
2
2
2
2
11
6
7
9
4
3
3
3
3
40
39
7
4
2
5
2
2
5
5
29
18
14
8
12
8
2
4
3
4
4
4
5
5
7
5
5
5
4
4
2
4
5
4
15
4
4
4
4
4
4
2
3
4
4
3
3
5
2
4
3
3
4
4
3
3
2
4
4
5
3
6
4
4
4
3
3
3
3
3
3
3
4
4
3
3
3
3
3
3
4
4
3
3
3
3
4
4
3
3
3
3
4
4
3
3
3
3
4
4
3
3
16
3
5
4
4
2
3
3
3
10
10
10
10
10
10
10
10
10
25
25
25
25
25
25
25
25
25
2
22
16
6
7
7
7
22
16
6
7
7
7
22
16
6
7
7
7
22
16
6
7
7
7
22
16
6
7
7
7
22
16
6
7
7
7
22
16
6
7
7
7
22
16
6
7
7
7
22
16
6
7
7
7
10
8
8
8
5
5
5
5
3
3
3
3
3
3
3
6
6
6
6
6
6
6
6
6
6
6
6
6
7
9
7
6
8
8
8
6
6
7
5
3
3
3
3
7
7
7
6
4
4
3
3
1
1
3
1
9
7
3
4
18
6
44
24
33
33
10
10
20
17
25
45
39
39
33
17
14
14
14
14
14
40
22
12
12
25
28
21
39
195
41
6
21
6
22
27
2
58
57
4
4
3
12
14
16
14
37
25
13
10
11
4
5
5
5
9
9
8
12
8
3
9
11
4
24
7
6
7
9
9
12
5
10
11
15
7
6
7
32
26
8
8
10
9
5
13
14
6
3
10
15
4
10
10
8
14
5
4
6
7
4
4
7
10
10
14
4
4
46
4
6
5
7
4
5
5
5
44
157
53
4
2
2
5
5
46
10
12
12
9
3
3
3
4
2
17
6
2
7
21
12
2
3
11
11
10
10
9
5
9
11
7
8
5
2
5
2
3
5
4
21
19
14
16
7
4
4
4
4
1
13
6
6
3
3
5
2
3
6
18
17
5
10
12
5
3
3
3
17
6
10
8
8
3
9
9
29
29
28
29
29
28
12
5
12
5
12
5
12
5
12
5
12
5
7
3
7
3
3
3
9
9
10
15
9
8
5
4
2
2
8
7
5
4
5
8
4
8
4
4
4
6
4
6
5
4
6
3
3
3
5
3
1
3
1
19
2
1
26
4
1
7
7
7
7
7
7
9
3
5
20
1
5
8
11
6
8
2
4
4
6
6
2
4
4
2
4
5
2
2
4
10
14
4
13
2
16
4
5
3
10
3
2
2
24
7
7
4
2
4
16
8
6
2
3
11
11
4
1
5
13
6
5
5
4
15
16
9
7
7
9
8
3
4
6
33
2
2
3
26
3
4
7
20
3
5
5
7
7
8
8
11
11
11
11
11
11
3
3
5
1
4
1
4
3
4
3
3
27
16
3
6
8
