missionsfile version 1
 3
mst_town_default town_default 0  -1
Town_Default 

1 0 4100 256 0 1 0  
0


mst_conversation_encounter conversation_encounter 0  -1
Conversation_Encounter 

32 0 16 512 0 1 0  
1 16 512 0 1 0  
2 16 512 0 1 0  
3 16 512 0 1 0  
4 16 512 0 1 0  
5 16 512 0 1 0  
6 16 512 0 1 0  
7 16 512 0 1 0  
8 16 512 0 1 0  
9 16 512 0 1 0  
10 16 512 0 1 0  
11 16 512 0 1 0  
12 16 512 0 1 0  
13 16 512 0 1 0  
14 16 512 0 1 0  
15 16 512 0 1 0  
16 16 512 0 1 0  
17 16 512 0 1 0  
18 16 512 0 1 0  
19 16 512 0 1 0  
20 16 512 0 1 0  
21 16 512 0 1 0  
22 16 512 0 1 0  
23 16 512 0 1 0  
24 16 512 0 1 0  
25 16 512 0 1 0  
26 16 512 0 1 0  
27 16 512 0 1 0  
28 16 512 0 1 0  
29 16 512 0 1 0  
30 16 512 0 1 0  
31 16 512 0 1 0  
0


mst_world_map world_map 2  -1
_ 

1 0 0 0 0 1 0  
3
0.000000 0.000000 100000000.000000  0  1 1 1 936748722493063231 
0.000000 0.000000 0.000000  0  1 1 1 936748722493063232 
-25.000000 0.000000 0.000000  0  2 2071 1 1224979098644774912 1 2 936748722493063230 1224979098644774912 


