particle_systemsfile version 1
10
psys_game_rain 274 invisible  500 0.500000 0.330000 1.000000 10.000000 0.000000 
1.000000 0.300000   1.000000 0.300000
1.000000 1.000000   1.000000 1.000000
1.000000 1.000000   1.000000 1.000000
1.000000 1.000000   1.000000 1.000000
1.000000 1.000000   1.000000 1.000000
8.200000 8.200000 0.200000   0.000000 0.000000 -10.000000   0.000000 
0.000000 0.500000 
psys_game_snow 12818 invisible  150 2.000000 0.200000 0.100000 30.000000 20.000000 
0.200000 1.000000   1.000000 1.000000
1.000000 1.000000   1.000000 1.000000
1.000000 1.000000   1.000000 1.000000
1.000000 1.000000   1.000000 1.000000
1.000000 1.000000   1.000000 1.000000
10.000000 10.000000 0.500000   0.000000 0.000000 -5.000000   1.000000 
200.000000 0.500000 
psys_game_blood 12800 invisible  500 0.650000 3.000000 0.500000 0.000000 0.000000 
0.000000 0.700000   0.700000 0.700000
0.100000 0.700000   1.000000 0.700000
0.100000 0.700000   1.000000 0.700000
0.100000 0.700000   1.000000 0.700000
0.000000 0.015000   1.000000 0.018000
0.000000 0.050000 0.000000   0.000000 1.000000 0.300000   0.900000 
0.000000 0.000000 
psys_game_blood_2 12800 invisible  2000 0.600000 3.000000 0.300000 0.000000 0.000000 
0.000000 0.250000   0.700000 0.100000
0.100000 0.700000   1.000000 0.700000
0.100000 0.700000   1.000000 0.700000
0.100000 0.700000   1.000000 0.700000
0.000000 0.150000   1.000000 0.350000
0.010000 0.200000 0.010000   0.200000 0.300000 0.000000   0.300000 
150.000000 0.000000 
psys_game_hoof_dust 78336 invisible  5 2.000000 10.000000 0.050000 10.000000 39.000000 
0.200000 0.500000   1.000000 0.000000
0.000000 1.000000   1.000000 1.000000
0.000000 0.900000   1.000000 0.900000
0.000000 0.780000   1.000000 0.780000
0.000000 2.000000   1.000000 3.500000
0.200000 0.300000 0.200000   0.000000 0.000000 3.900000   0.500000 
130.000000 0.500000 
psys_game_hoof_dust_snow 8704 invisible  6 2.000000 3.500000 1.000000 10.000000 0.000000 
0.200000 1.000000   1.000000 1.000000
0.000000 1.000000   1.000000 1.000000
0.000000 1.000000   1.000000 1.000000
0.000000 1.000000   1.000000 1.000000
0.500000 4.000000   1.000000 5.700000
0.200000 1.000000 0.100000   0.000000 0.000000 1.000000   2.000000 
0.000000 0.000000 
psys_game_hoof_dust_mud 78080 invisible  5 0.700000 10.000000 3.000000 0.000000 0.000000 
0.000000 1.000000   1.000000 1.000000
0.000000 0.700000   1.000000 0.700000
0.000000 0.600000   1.000000 0.600000
0.000000 0.400000   1.000000 0.400000
0.000000 0.200000   1.000000 0.220000
0.150000 0.500000 0.100000   0.000000 0.000000 15.000000   6.000000 
200.000000 0.500000 
psys_game_water_splash_1 12832 invisible  20 0.850000 0.250000 0.900000 10.000000 0.000000 
0.300000 0.500000   1.000000 0.000000
1.000000 1.000000   1.000000 1.000000
1.000000 1.000000   1.000000 1.000000
1.000000 1.000000   1.000000 1.000000
0.000000 0.300000   1.000000 0.180000
0.300000 0.200000 0.100000   0.000000 1.200000 2.300000   0.300000 
50.000000 0.500000 
psys_game_water_splash_2 12832 invisible  30 0.400000 0.700000 0.500000 10.000000 0.000000 
0.300000 1.000000   1.000000 0.300000
1.000000 1.000000   1.000000 1.000000
1.000000 1.000000   1.000000 1.000000
1.000000 1.000000   1.000000 1.000000
0.000000 0.250000   1.000000 0.700000
0.400000 0.300000 0.100000   0.000000 1.300000 1.100000   0.100000 
50.000000 0.500000 
psys_game_water_splash_3 32 invisible  5 2.000000 0.000000 0.000000 10.000000 0.000000 
0.030000 0.200000   1.000000 0.000000
1.000000 1.000000   1.000000 1.000000
1.000000 1.000000   1.000000 1.000000
1.000000 1.000000   1.000000 1.000000
0.000000 3.000000   1.000000 10.000000
0.000000 0.000000 0.000000   0.000000 0.000000 0.000000   0.000000 
0.000000 0.500000 
