presentationsfile version 1
 10
prsnt_game_start 0 0 1
-60.000000  1 902 1 0 


prsnt_game_escape 0 0 1
-60.000000  1 902 1 0 


prsnt_game_credits 0 0 1
-60.000000  1 902 1 0 


prsnt_game_profile_banner_selection 0 0 1
-60.000000  1 902 1 0 


prsnt_game_custom_battle_designer 0 0 1
-60.000000  1 902 1 0 


prsnt_game_multiplayer_admin_panel 0 0 1
-60.000000  1 902 1 0 


prsnt_game_before_quit 0 0 1
-60.000000  1 902 1 0 


prsnt_empty 0 0 1
-60.000000  1 902 1 0 


prsnt_start_date_selection 2 0 3
-60.000000  1 1 1 936748722493063245 
-61.000000  1 1 1 936748722493063246 
-62.000000  3 2071 1 1224979098644774912 2072 1 1224979098644774913 1 3 936748722493063247 1224979098644774912 1224979098644774913 


prsnt_world_map 2 0 3
-60.000000  1 1 1 936748722493063249 
-61.000000  1 1 1 936748722493063257 
-62.000000  3 2071 1 1224979098644774912 2072 1 1224979098644774913 1 3 936748722493063248 1224979098644774912 1224979098644774913 


