scriptsfile version 1
89
game_start -1
 0 
game_quick_start -1
 0 
game_set_multiplayer_mission_end -1
 0 
game_get_use_string -1
 0 
game_enable_cheat_menu -1
 0 
game_event_party_encounter -1
 0 
game_event_simulate_battle -1
 0 
game_event_battle_end -1
 0 
game_get_item_buy_price_factor -1
 0 
game_get_item_sell_price_factor -1
 0 
game_event_buy_item -1
 0 
game_event_sell_item -1
 0 
game_get_troop_wage -1
 0 
game_get_total_wage -1
 0 
game_get_join_cost -1
 0 
game_get_upgrade_xp -1
 0 
game_get_upgrade_cost -1
 0 
game_get_prisoner_price -1
 0 
game_check_prisoner_can_be_sold -1
 0 
game_get_morale_of_troops_from_faction -1
 0 
game_event_detect_party -1
 0 
game_event_undetect_party -1
 0 
game_get_statistics_line -1
 0 
game_get_date_text -1
 0 
game_get_money_text -1
 0 
game_get_party_companion_limit -1
 0 
game_reset_player_party_name -1
 0 
game_get_troop_note -1
 0 
game_get_center_note -1
 0 
game_get_faction_note -1
 0 
game_get_quest_note -1
 0 
game_get_info_page_note -1
 0 
game_get_scene_name -1
 0 
game_get_mission_template_name -1
 0 
game_receive_url_response -1
 0 
game_get_cheat_mode -1
 0 
game_receive_network_message -1
 0 
game_get_multiplayer_server_option_for_mission_template -1
 0 
game_multiplayer_server_option_for_mission_template_to_string -1
 0 
game_multiplayer_event_duel_offered -1
 0 
game_get_multiplayer_game_type_enum -1
 0 
game_multiplayer_get_game_type_mission_template -1
 0 
game_get_party_prisoner_limit -1
 0 
game_get_item_extra_text -1
 0 
game_on_disembark -1
 0 
game_context_menu_get_buttons -1
 0 
game_event_context_menu_button_clicked -1
 0 
game_get_skill_modifier_for_troop -1
 0 
game_check_party_sees_party -1
 1 2075 1 1 
game_get_party_speed_multiplier -1
 1 2075 1 100 
game_get_console_command -1
 0 
game_missile_launch -1
 0 
game_missile_dives_into_water -1
 0 
game_troop_upgrades_button_clicked -1
 0 
game_character_screen_requested -1
 0 
add_troop_to_cur_tableau -1
 0 
add_troop_to_cur_tableau_for_character -1
 0 
add_troop_to_cur_tableau_for_inventory -1
 0 
add_troop_to_cur_tableau_for_profile -1
 0 
add_troop_to_cur_tableau_for_party -1
 0 
wse_window_opened -1
 1 2075 1 1513209474796486663 
wse_initial_window_start -1
 0 
initialize_new_game -1
 7 23 2 1224979098644774912 1 1 1 936748722493063238 5006 3 144115188075855981 1224979098644774912 0 5006 3 144115188075855981 1 1 5006 3 144115188075855981 20000 3 1 2 936748722493063232 1224979098644774912 1 2 936748722493063233 1224979098644774912 
initialize_load_game -1
 1 1 1 936748722493063238 
initialize_factions -1
 222 23 2 1224979098644774912 1 2320 2 1 1585267068834414597 2320 2 2 1585267068834414598 2320 2 3 1585267068834414599 2320 2 4 1585267068834414600 2320 2 5 1585267068834414709 1 2 936748722493063236 0 2320 2 1 1585267068834414601 2320 2 2 1585267068834414602 2320 2 3 1585267068834414603 2320 2 4 1585267068834414604 2320 2 5 1585267068834414710 1 2 936748722493063236 1 2320 2 1 1585267068834414606 2320 2 2 1585267068834414607 2320 2 3 1585267068834414608 2320 2 4 1585267068834414609 2320 2 5 1585267068834414711 1 2 936748722493063236 2 2320 2 1 1585267068834414613 2320 2 2 1585267068834414773 2320 2 3 1585267068834414615 2320 2 4 1585267068834414616 2320 2 5 1585267068834414712 1 2 936748722493063236 3 2320 2 1 1585267068834414617 2320 2 2 1585267068834414618 2320 2 3 1585267068834414619 2320 2 4 1585267068834414620 2320 2 5 1585267068834414713 1 2 936748722493063236 4 2320 2 1 1585267068834414621 2320 2 2 1585267068834414622 2320 2 3 1585267068834414623 2320 2 4 1585267068834414624 2320 2 5 1585267068834414714 1 2 936748722493063236 5 2320 2 1 1585267068834414625 2320 2 2 1585267068834414626 2320 2 3 1585267068834414627 2320 2 4 1585267068834414628 2320 2 5 1585267068834414715 1 2 936748722493063236 6 2320 2 1 1585267068834414629 2320 2 2 1585267068834414630 2320 2 3 1585267068834414631 2320 2 4 1585267068834414632 2320 2 5 1585267068834414716 1 2 936748722493063236 7 2320 2 1 1585267068834414647 2320 2 2 1585267068834414648 2320 2 3 1585267068834414649 2320 2 4 1585267068834414650 2320 2 5 1585267068834414717 1 2 936748722493063236 8 2320 2 1 1585267068834414651 2320 2 2 1585267068834414652 2320 2 3 1585267068834414653 2320 2 4 1585267068834414654 2320 2 5 1585267068834414718 1 2 936748722493063236 9 2320 2 1 1585267068834414655 2320 2 2 1585267068834414656 2320 2 3 1585267068834414657 2320 2 4 1585267068834414658 2320 2 5 1585267068834414719 1 2 936748722493063236 10 2320 2 1 1585267068834414659 2320 2 2 1585267068834414660 2320 2 3 1585267068834414661 2320 2 4 1585267068834414662 2320 2 5 1585267068834414720 1 2 936748722493063236 11 2320 2 1 1585267068834414663 2320 2 2 1585267068834414664 2320 2 3 1585267068834414665 2320 2 4 1585267068834414666 2320 2 5 1585267068834414721 1 2 936748722493063236 12 2320 2 1 1585267068834414667 2320 2 2 1585267068834414668 2320 2 3 1585267068834414669 2320 2 4 1585267068834414670 2320 2 5 1585267068834414722 1 2 936748722493063236 13 2320 2 1 1585267068834414673 2320 2 2 1585267068834414674 2320 2 3 1585267068834414675 2320 2 4 1585267068834414676 2320 2 5 1585267068834414723 1 2 936748722493063236 14 2320 2 1 1585267068834414677 2320 2 2 1585267068834414678 2320 2 3 1585267068834414679 2320 2 4 1585267068834414680 2320 2 5 1585267068834414724 1 2 936748722493063236 15 2320 2 1 1585267068834414681 2320 2 2 1585267068834414682 2320 2 3 1585267068834414683 2320 2 4 1585267068834414684 2320 2 5 1585267068834414725 1 2 936748722493063236 16 2320 2 1 1585267068834414685 2320 2 2 1585267068834414686 2320 2 3 1585267068834414687 2320 2 4 1585267068834414688 2320 2 5 1585267068834414726 1 2 936748722493063236 17 2320 2 1 1585267068834414689 2320 2 2 1585267068834414690 2320 2 3 1585267068834414691 2320 2 4 1585267068834414692 2320 2 5 1585267068834414690 1 2 936748722493063236 18 2320 2 1 1585267068834414693 2320 2 2 1585267068834414694 2320 2 3 1585267068834414695 2320 2 4 1585267068834414696 2320 2 5 1585267068834414727 1 2 936748722493063236 19 2320 2 1 1585267068834414697 2320 2 2 1585267068834414698 2320 2 3 1585267068834414699 2320 2 4 1585267068834414700 2320 2 5 1585267068834414698 1 2 936748722493063236 20 2320 2 1 1585267068834414701 2320 2 2 1585267068834414702 2320 2 3 1585267068834414703 2320 2 4 1585267068834414704 2320 2 5 1585267068834414702 1 2 936748722493063236 21 2320 2 1 1585267068834414705 2320 2 2 1585267068834414706 2320 2 3 1585267068834414707 2320 2 4 1585267068834414708 2320 2 5 1585267068834414728 1 2 936748722493063236 22 2320 2 1 1585267068834414729 2320 2 2 1585267068834414781 2320 2 3 1585267068834414731 2320 2 4 1585267068834414732 2320 2 5 1585267068834414733 1 2 936748722493063236 23 2320 2 1 1585267068834414734 2320 2 2 1585267068834414735 2320 2 3 1585267068834414736 2320 2 4 1585267068834414737 2320 2 5 1585267068834414738 1 2 936748722493063236 24 2320 2 1 1585267068834414739 2320 2 2 1585267068834414740 2320 2 3 1585267068834414741 2320 2 4 1585267068834414742 2320 2 5 1585267068834414743 1 2 936748722493063236 25 2320 2 1 1585267068834414744 2320 2 2 1585267068834414745 2320 2 3 1585267068834414746 2320 2 4 1585267068834414747 2320 2 5 1585267068834414748 1 2 936748722493063236 26 2320 2 1 1585267068834414749 2320 2 2 1585267068834414750 2320 2 3 1585267068834414751 2320 2 4 1585267068834414752 2320 2 5 1585267068834414753 1 2 936748722493063236 27 2320 2 1 1585267068834414754 2320 2 2 1585267068834414755 2320 2 3 1585267068834414756 2320 2 4 1585267068834414757 2320 2 5 1585267068834414758 1 2 936748722493063236 28 2320 2 1 1585267068834414759 2320 2 2 1585267068834414760 2320 2 3 1585267068834414761 2320 2 4 1585267068834414762 2320 2 5 1585267068834414763 1 2 936748722493063236 29 2320 2 1 1585267068834414776 2320 2 2 1585267068834414777 2320 2 3 1585267068834414778 2320 2 4 1585267068834414779 2320 2 5 1585267068834414780 1 2 936748722493063236 30 4 0 31 2 1224979098644774912 1853 5006 4 144115188075855976 36600000 0 0 5006 4 144115188075855976 4530000 1 0 5006 4 144115188075855976 3160000 2 0 5006 4 144115188075855976 21290000 3 0 5006 4 144115188075855976 2410000 4 0 5006 4 144115188075855976 196000 5 0 5006 4 144115188075855976 15100000 6 0 5006 4 144115188075855976 3870000 7 0 5006 4 144115188075855976 1794000 8 0 5006 4 144115188075855976 37236000 9 0 5006 4 144115188075855976 3481000 10 0 5006 4 144115188075855976 603000 11 0 5006 4 144115188075855976 1564000 12 0 5006 4 144115188075855976 7808000 13 0 5006 4 144115188075855976 16935000 14 0 5006 4 144115188075855976 4559000 15 0 5006 4 144115188075855976 3318000 16 0 5006 4 144115188075855976 1988000 17 0 5006 4 144115188075855976 1733000 18 0 5006 4 144115188075855976 2660769 19 0 5006 4 144115188075855976 476000 20 0 5006 4 144115188075855976 71000 21 0 5006 4 144115188075855976 1560000 22 0 5006 4 144115188075855976 35350000 23 0 5006 4 144115188075855976 1035000 24 0 5006 4 144115188075855976 998000 25 0 5006 4 144115188075855976 178000 26 0 5006 4 144115188075855976 1910000 27 0 5006 4 144115188075855976 1643000 28 0 5006 4 144115188075855976 68800000 29 0 5006 4 144115188075855976 49320000 30 0 5 0 3 0 
initialize_provinces -1
 241 23 2 1224979098644774912 1 1 16 936748722493063237 0 49534 42272 0 79 105 42 19 23 13 41 -1 -1 -1 -1 1 16 936748722493063237 1 46335 42196 0 2 3 -1 -1 -1 -1 -1 -1 -1 -1 -1 1 16 936748722493063237 2 47126 42460 0 14 5 1 3 -1 -1 -1 -1 -1 -1 -1 1 17 936748722493063237 3 46982 41908 0 1 2 4 5 -1 -1 -1 -1 -1 -1 -1 -1 1 17 936748722493063237 4 47126 41332 0 3 5 6 7 -1 -1 -1 -1 -1 -1 -1 -1 1 17 936748722493063237 5 47774 41812 0 2 3 4 7 12 14 17 -1 -1 -1 -1 -1 1 16 936748722493063237 6 46958 40756 0 4 7 8 46 47 -1 -1 -1 -1 -1 -1 1 16 936748722493063237 7 47966 41140 0 4 5 6 8 9 11 12 -1 -1 -1 -1 1 16 936748722493063237 8 47582 40492 0 6 7 9 45 46 -1 -1 -1 -1 -1 -1 1 16 936748722493063237 9 48134 40372 0 7 8 10 11 45 -1 -1 -1 -1 -1 -1 1 16 936748722493063237 10 49022 40468 0 9 11 64 -1 -1 -1 -1 -1 -1 -1 -1 1 16 936748722493063237 11 48854 41068 0 7 9 10 12 13 41 64 -1 -1 -1 -1 1 16 936748722493063237 12 48518 41788 0 5 7 12 13 17 18 -1 -1 -1 -1 -1 1 16 936748722493063237 13 49118 41812 0 0 11 12 18 19 41 -1 -1 -1 -1 -1 1 16 936748722493063237 14 47558 42628 0 2 5 15 17 -1 -1 -1 -1 -1 -1 -1 1 16 936748722493063237 15 48110 42772 0 -1 -1 -1 -1 -1 -1 -1 -1 -1 -1 -1 1 16 936748722493063237 16 48590 42628 0 -1 -1 -1 -1 -1 -1 -1 -1 -1 -1 -1 1 16 936748722493063237 17 48038 42388 0 -1 -1 -1 -1 -1 -1 -1 -1 -1 -1 -1 1 16 936748722493063237 18 48638 42244 0 -1 -1 -1 -1 -1 -1 -1 -1 -1 -1 -1 1 16 936748722493063237 19 49118 42388 0 -1 -1 -1 -1 -1 -1 -1 -1 -1 -1 -1 1 16 936748722493063237 20 48134 43084 0 -1 -1 -1 -1 -1 -1 -1 -1 -1 -1 -1 1 16 936748722493063237 21 48566 43300 1 -1 -1 -1 -1 -1 -1 -1 -1 -1 -1 -1 1 16 936748722493063237 22 48830 43036 1 -1 -1 -1 -1 -1 -1 -1 -1 -1 -1 -1 1 16 936748722493063237 23 49082 42820 5 -1 -1 -1 -1 -1 -1 -1 -1 -1 -1 -1 1 16 936748722493063237 24 48770 43564 2 -1 -1 -1 -1 -1 -1 -1 -1 -1 -1 -1 1 16 936748722493063237 25 48746 43780 2 -1 -1 -1 -1 -1 -1 -1 -1 -1 -1 -1 1 16 936748722493063237 26 49214 43972 2 -1 -1 -1 -1 -1 -1 -1 -1 -1 -1 -1 1 16 936748722493063237 27 50011 39831 0 -1 -1 -1 -1 -1 -1 -1 -1 -1 -1 -1 1 16 936748722493063237 28 46229 43270 3 -1 -1 -1 -1 -1 -1 -1 -1 -1 -1 -1 1 16 936748722493063237 29 47191 43296 3 -1 -1 -1 -1 -1 -1 -1 -1 -1 -1 -1 1 16 936748722493063237 30 47529 43816 3 -1 -1 -1 -1 -1 -1 -1 -1 -1 -1 -1 1 16 936748722493063237 31 47061 43894 3 -1 -1 -1 -1 -1 -1 -1 -1 -1 -1 -1 1 16 936748722493063237 32 46645 43920 3 -1 -1 -1 -1 -1 -1 -1 -1 -1 -1 -1 1 16 936748722493063237 33 46177 43790 3 -1 -1 -1 -1 -1 -1 -1 -1 -1 -1 -1 1 16 936748722493063237 34 46749 44700 3 -1 -1 -1 -1 -1 -1 -1 -1 -1 -1 -1 1 16 936748722493063237 35 46333 44986 3 -1 -1 -1 -1 -1 -1 -1 -1 -1 -1 -1 1 16 936748722493063237 36 46244 45527 3 -1 -1 -1 -1 -1 -1 -1 -1 -1 -1 -1 1 16 936748722493063237 37 45423 44674 3 -1 -1 -1 -1 -1 -1 -1 -1 -1 -1 -1 1 16 936748722493063237 38 45293 44206 3 -1 -1 -1 -1 -1 -1 -1 -1 -1 -1 -1 1 16 936748722493063237 39 44721 44336 3 -1 -1 -1 -1 -1 -1 -1 -1 -1 -1 -1 1 16 936748722493063237 40 44773 43755 3 -1 -1 -1 -1 -1 -1 -1 -1 -1 -1 -1 1 16 936748722493063237 41 49417 41631 4 -1 -1 -1 -1 -1 -1 -1 -1 -1 -1 -1 1 16 936748722493063237 42 49664 41877 4 -1 -1 -1 -1 -1 -1 -1 -1 -1 -1 -1 1 16 936748722493063237 43 50108 41601 4 -1 -1 -1 -1 -1 -1 -1 -1 -1 -1 -1 1 16 936748722493063237 44 47984 38815 6 -1 -1 -1 -1 -1 -1 -1 -1 -1 -1 -1 1 16 936748722493063237 45 47559 39715 6 -1 -1 -1 -1 -1 -1 -1 -1 -1 -1 -1 1 16 936748722493063237 46 46859 39590 6 -1 -1 -1 -1 -1 -1 -1 -1 -1 -1 -1 1 16 936748722493063237 47 46434 40115 6 -1 -1 -1 -1 -1 -1 -1 -1 -1 -1 -1 1 16 936748722493063237 48 45809 40140 6 -1 -1 -1 -1 -1 -1 -1 -1 -1 -1 -1 1 16 936748722493063237 49 45184 39740 6 -1 -1 -1 -1 -1 -1 -1 -1 -1 -1 -1 1 16 936748722493063237 50 44559 40040 6 -1 -1 -1 -1 -1 -1 -1 -1 -1 -1 -1 1 16 936748722493063237 51 46809 38715 6 -1 -1 -1 -1 -1 -1 -1 -1 -1 -1 -1 1 16 936748722493063237 52 46459 38365 6 -1 -1 -1 -1 -1 -1 -1 -1 -1 -1 -1 1 16 936748722493063237 53 46034 38940 6 -1 -1 -1 -1 -1 -1 -1 -1 -1 -1 -1 1 16 936748722493063237 54 45859 39590 6 -1 -1 -1 -1 -1 -1 -1 -1 -1 -1 -1 1 16 936748722493063237 55 45034 38690 6 -1 -1 -1 -1 -1 -1 -1 -1 -1 -1 -1 1 16 936748722493063237 56 45809 38065 6 -1 -1 -1 -1 -1 -1 -1 -1 -1 -1 -1 1 16 936748722493063237 57 45134 37840 6 -1 -1 -1 -1 -1 -1 -1 -1 -1 -1 -1 1 16 936748722493063237 58 45254 37480 3 -1 -1 -1 -1 -1 -1 -1 -1 -1 -1 -1 1 16 936748722493063237 59 44359 38020 7 -1 -1 -1 -1 -1 -1 -1 -1 -1 -1 -1 1 16 936748722493063237 60 44431 38569 7 -1 -1 -1 -1 -1 -1 -1 -1 -1 -1 -1 1 16 936748722493063237 61 44485 39145 7 -1 -1 -1 -1 -1 -1 -1 -1 -1 -1 -1 1 16 936748722493063237 62 44593 39586 7 -1 -1 -1 -1 -1 -1 -1 -1 -1 -1 -1 1 16 936748722493063237 63 49977 39036 8 -1 -1 -1 -1 -1 -1 -1 -1 -1 -1 -1 1 16 936748722493063237 64 49600 40949 8 -1 -1 -1 -1 -1 -1 -1 -1 -1 -1 -1 1 16 936748722493063237 65 50185 41235 9 -1 -1 -1 -1 -1 -1 -1 -1 -1 -1 -1 1 16 936748722493063237 66 50393 40793 11 -1 -1 -1 -1 -1 -1 -1 -1 -1 -1 -1 1 16 936748722493063237 67 50822 41183 9 -1 -1 -1 -1 -1 -1 -1 -1 -1 -1 -1 1 16 936748722493063237 68 50666 41521 9 -1 -1 -1 -1 -1 -1 -1 -1 -1 -1 -1 1 16 936748722493063237 69 51225 41456 9 -1 -1 -1 -1 -1 -1 -1 -1 -1 -1 -1 1 16 936748722493063237 70 50913 40715 10 -1 -1 -1 -1 -1 -1 -1 -1 -1 -1 -1 1 16 936748722493063237 71 51233 40244 10 -1 -1 -1 -1 -1 -1 -1 -1 -1 -1 -1 1 16 936748722493063237 72 51155 39734 10 -1 -1 -1 -1 -1 -1 -1 -1 -1 -1 -1 1 16 936748722493063237 73 51605 39814 13 -1 -1 -1 -1 -1 -1 -1 -1 -1 -1 -1 1 16 936748722493063237 74 51885 39364 13 -1 -1 -1 -1 -1 -1 -1 -1 -1 -1 -1 1 16 936748722493063237 75 52485 39364 13 -1 -1 -1 -1 -1 -1 -1 -1 -1 -1 -1 1 16 936748722493063237 76 52345 38814 13 -1 -1 -1 -1 -1 -1 -1 -1 -1 -1 -1 1 16 936748722493063237 77 51605 38024 13 -1 -1 -1 -1 -1 -1 -1 -1 -1 -1 -1 1 16 936748722493063237 78 50670 40288 12 -1 -1 -1 -1 -1 -1 -1 -1 -1 -1 -1 1 16 936748722493063237 79 49952 42314 18 -1 -1 -1 -1 -1 -1 -1 -1 -1 -1 -1 1 16 936748722493063237 80 49277 43314 14 -1 -1 -1 -1 -1 -1 -1 -1 -1 -1 -1 1 16 936748722493063237 81 49666 43550 14 -1 -1 -1 -1 -1 -1 -1 -1 -1 -1 -1 1 16 936748722493063237 82 49946 43158 19 -1 -1 -1 -1 -1 -1 -1 -1 -1 -1 -1 1 16 936748722493063237 83 50212 43937 16 -1 -1 -1 -1 -1 -1 -1 -1 -1 -1 -1 1 16 936748722493063237 84 50730 42234 15 -1 -1 -1 -1 -1 -1 -1 -1 -1 -1 -1 1 16 936748722493063237 85 50898 42626 15 -1 -1 -1 -1 -1 -1 -1 -1 -1 -1 -1 1 16 936748722493063237 86 50450 42766 15 -1 -1 -1 -1 -1 -1 -1 -1 -1 -1 -1 1 16 936748722493063237 87 50170 44530 22 -1 -1 -1 -1 -1 -1 -1 -1 -1 -1 -1 1 16 936748722493063237 88 50030 44943 22 -1 -1 -1 -1 -1 -1 -1 -1 -1 -1 -1 1 16 936748722493063237 89 50582 43264 14 -1 -1 -1 -1 -1 -1 -1 -1 -1 -1 -1 1 16 936748722493063237 90 50812 43701 14 -1 -1 -1 -1 -1 -1 -1 -1 -1 -1 -1 1 16 936748722493063237 91 51044 44370 20 -1 -1 -1 -1 -1 -1 -1 -1 -1 -1 -1 1 16 936748722493063237 92 51316 43877 14 -1 -1 -1 -1 -1 -1 -1 -1 -1 -1 -1 1 16 936748722493063237 93 51316 43316 17 -1 -1 -1 -1 -1 -1 -1 -1 -1 -1 -1 1 16 936748722493063237 94 52047 44285 14 -1 -1 -1 -1 -1 -1 -1 -1 -1 -1 -1 1 16 936748722493063237 95 51894 43809 14 -1 -1 -1 -1 -1 -1 -1 -1 -1 -1 -1 1 16 936748722493063237 96 52132 43401 14 -1 -1 -1 -1 -1 -1 -1 -1 -1 -1 -1 1 16 936748722493063237 97 52370 43894 14 -1 -1 -1 -1 -1 -1 -1 -1 -1 -1 -1 1 16 936748722493063237 98 52863 44302 14 -1 -1 -1 -1 -1 -1 -1 -1 -1 -1 -1 1 16 936748722493063237 99 53560 44404 14 -1 -1 -1 -1 -1 -1 -1 -1 -1 -1 -1 1 16 936748722493063237 100 53628 44710 14 -1 -1 -1 -1 -1 -1 -1 -1 -1 -1 -1 1 16 936748722493063237 101 49633 44115 21 -1 -1 -1 -1 -1 -1 -1 -1 -1 -1 -1 1 16 936748722493063237 102 50075 45288 22 -1 -1 -1 -1 -1 -1 -1 -1 -1 -1 -1 1 16 936748722493063237 103 50126 45560 22 -1 -1 -1 -1 -1 -1 -1 -1 -1 -1 -1 1 16 936748722493063237 104 50789 44999 22 -1 -1 -1 -1 -1 -1 -1 -1 -1 -1 -1 1 16 936748722493063237 105 49463 42806 14 -1 -1 -1 -1 -1 -1 -1 -1 -1 -1 -1 1 16 936748722493063237 106 52727 43163 14 -1 -1 -1 -1 -1 -1 -1 -1 -1 -1 -1 1 16 936748722493063237 107 51169 41791 9 -1 -1 -1 -1 -1 -1 -1 -1 -1 -1 -1 1 16 936748722493063237 108 51904 42295 9 -1 -1 -1 -1 -1 -1 -1 -1 -1 -1 -1 1 16 936748722493063237 109 51799 41896 9 -1 -1 -1 -1 -1 -1 -1 -1 -1 -1 -1 1 16 936748722493063237 110 51484 41203 9 -1 -1 -1 -1 -1 -1 -1 -1 -1 -1 -1 1 16 936748722493063237 111 51714 41364 9 -1 -1 -1 -1 -1 -1 -1 -1 -1 -1 -1 1 16 936748722493063237 112 52197 41341 9 -1 -1 -1 -1 -1 -1 -1 -1 -1 -1 -1 1 16 936748722493063237 113 52174 40536 9 -1 -1 -1 -1 -1 -1 -1 -1 -1 -1 -1 1 16 936748722493063237 114 52864 41134 9 -1 -1 -1 -1 -1 -1 -1 -1 -1 -1 -1 1 16 936748722493063237 115 53416 41157 9 -1 -1 -1 -1 -1 -1 -1 -1 -1 -1 -1 1 16 936748722493063237 116 52496 41847 9 -1 -1 -1 -1 -1 -1 -1 -1 -1 -1 -1 1 16 936748722493063237 117 52772 41479 9 -1 -1 -1 -1 -1 -1 -1 -1 -1 -1 -1 1 16 936748722493063237 118 53048 41893 9 -1 -1 -1 -1 -1 -1 -1 -1 -1 -1 -1 1 16 936748722493063237 119 53393 41548 9 -1 -1 -1 -1 -1 -1 -1 -1 -1 -1 -1 1 16 936748722493063237 120 53692 41916 9 -1 -1 -1 -1 -1 -1 -1 -1 -1 -1 -1 1 16 936748722493063237 121 53692 42261 9 -1 -1 -1 -1 -1 -1 -1 -1 -1 -1 -1 1 16 936748722493063237 122 53899 41387 9 -1 -1 -1 -1 -1 -1 -1 -1 -1 -1 -1 1 16 936748722493063237 123 54221 41893 9 -1 -1 -1 -1 -1 -1 -1 -1 -1 -1 -1 1 16 936748722493063237 124 54704 41962 9 -1 -1 -1 -1 -1 -1 -1 -1 -1 -1 -1 1 16 936748722493063237 125 54796 41433 9 -1 -1 -1 -1 -1 -1 -1 -1 -1 -1 -1 1 16 936748722493063237 126 51875 42836 9 -1 -1 -1 -1 -1 -1 -1 -1 -1 -1 -1 1 16 936748722493063237 127 52565 42698 9 -1 -1 -1 -1 -1 -1 -1 -1 -1 -1 -1 1 16 936748722493063237 128 52933 42353 9 -1 -1 -1 -1 -1 -1 -1 -1 -1 -1 -1 1 16 936748722493063237 129 53761 42537 9 -1 -1 -1 -1 -1 -1 -1 -1 -1 -1 -1 1 16 936748722493063237 130 51208 42928 9 -1 -1 -1 -1 -1 -1 -1 -1 -1 -1 -1 1 16 936748722493063237 131 54382 42284 9 -1 -1 -1 -1 -1 -1 -1 -1 -1 -1 -1 1 16 936748722493063237 132 53784 42859 9 -1 -1 -1 -1 -1 -1 -1 -1 -1 -1 -1 1 16 936748722493063237 133 54658 42744 9 -1 -1 -1 -1 -1 -1 -1 -1 -1 -1 -1 1 16 936748722493063237 134 54980 42238 9 -1 -1 -1 -1 -1 -1 -1 -1 -1 -1 -1 1 16 936748722493063237 135 52750 40550 23 -1 -1 -1 -1 -1 -1 -1 -1 -1 -1 -1 1 16 936748722493063237 136 52650 40900 23 -1 -1 -1 -1 -1 -1 -1 -1 -1 -1 -1 1 16 936748722493063237 137 53050 40375 23 -1 -1 -1 -1 -1 -1 -1 -1 -1 -1 -1 1 16 936748722493063237 138 53225 40100 26 -1 -1 -1 -1 -1 -1 -1 -1 -1 -1 -1 1 16 936748722493063237 139 53450 39600 23 -1 -1 -1 -1 -1 -1 -1 -1 -1 -1 -1 1 16 936748722493063237 140 53550 39150 23 -1 -1 -1 -1 -1 -1 -1 -1 -1 -1 -1 1 16 936748722493063237 141 54000 39650 23 -1 -1 -1 -1 -1 -1 -1 -1 -1 -1 -1 1 16 936748722493063237 142 53650 39975 23 -1 -1 -1 -1 -1 -1 -1 -1 -1 -1 -1 1 16 936748722493063237 143 53500 40350 23 -1 -1 -1 -1 -1 -1 -1 -1 -1 -1 -1 1 16 936748722493063237 144 53625 40675 25 -1 -1 -1 -1 -1 -1 -1 -1 -1 -1 -1 1 16 936748722493063237 145 54175 40375 23 -1 -1 -1 -1 -1 -1 -1 -1 -1 -1 -1 1 16 936748722493063237 146 53800 38825 23 -1 -1 -1 -1 -1 -1 -1 -1 -1 -1 -1 1 16 936748722493063237 147 54350 30300 23 -1 -1 -1 -1 -1 -1 -1 -1 -1 -1 -1 1 16 936748722493063237 148 55200 39425 23 -1 -1 -1 -1 -1 -1 -1 -1 -1 -1 -1 1 16 936748722493063237 149 54200 38850 23 -1 -1 -1 -1 -1 -1 -1 -1 -1 -1 -1 1 16 936748722493063237 150 53950 38525 24 -1 -1 -1 -1 -1 -1 -1 -1 -1 -1 -1 1 16 936748722493063237 151 54550 38425 24 -1 -1 -1 -1 -1 -1 -1 -1 -1 -1 -1 1 16 936748722493063237 152 54300 38050 24 -1 -1 -1 -1 -1 -1 -1 -1 -1 -1 -1 1 16 936748722493063237 153 55225 37075 23 -1 -1 -1 -1 -1 -1 -1 -1 -1 -1 -1 1 16 936748722493063237 154 56175 37475 23 -1 -1 -1 -1 -1 -1 -1 -1 -1 -1 -1 1 16 936748722493063237 155 54625 40800 27 -1 -1 -1 -1 -1 -1 -1 -1 -1 -1 -1 1 16 936748722493063237 156 55400 40800 27 -1 -1 -1 -1 -1 -1 -1 -1 -1 -1 -1 1 16 936748722493063237 157 55700 41425 28 -1 -1 -1 -1 -1 -1 -1 -1 -1 -1 -1 1 16 936748722493063237 158 55375 41925 28 -1 -1 -1 -1 -1 -1 -1 -1 -1 -1 -1 1 16 936748722493063237 159 56100 40825 23 -1 -1 -1 -1 -1 -1 -1 -1 -1 -1 -1 1 16 936748722493063237 160 55825 40500 23 -1 -1 -1 -1 -1 -1 -1 -1 -1 -1 -1 1 16 936748722493063237 161 56350 41325 29 -1 -1 -1 -1 -1 -1 -1 -1 -1 -1 -1 1 16 936748722493063237 162 56025 41900 29 -1 -1 -1 -1 -1 -1 -1 -1 -1 -1 -1 1 16 936748722493063237 163 55300 42300 29 -1 -1 -1 -1 -1 -1 -1 -1 -1 -1 -1 1 16 936748722493063237 164 55875 39500 23 -1 -1 -1 -1 -1 -1 -1 -1 -1 -1 -1 1 16 936748722493063237 165 55650 39950 23 -1 -1 -1 -1 -1 -1 -1 -1 -1 -1 -1 1 16 936748722493063237 166 55675 40325 23 -1 -1 -1 -1 -1 -1 -1 -1 -1 -1 -1 1 16 936748722493063237 167 55050 39850 23 -1 -1 -1 -1 -1 -1 -1 -1 -1 -1 -1 1 16 936748722493063237 168 55650 40275 23 -1 -1 -1 -1 -1 -1 -1 -1 -1 -1 -1 1 16 936748722493063237 169 54525 39925 23 -1 -1 -1 -1 -1 -1 -1 -1 -1 -1 -1 1 16 936748722493063237 170 54525 40400 23 -1 -1 -1 -1 -1 -1 -1 -1 -1 -1 -1 1 16 936748722493063237 171 56058 41829 29 -1 -1 -1 -1 -1 -1 -1 -1 -1 -1 -1 1 16 936748722493063237 172 55402 42772 29 -1 -1 -1 -1 -1 -1 -1 -1 -1 -1 -1 1 16 936748722493063237 173 55442 42748 29 -1 -1 -1 -1 -1 -1 -1 -1 -1 -1 -1 1 16 936748722493063237 174 55074 43346 29 -1 -1 -1 -1 -1 -1 -1 -1 -1 -1 -1 1 16 936748722493063237 175 55994 43208 29 -1 -1 -1 -1 -1 -1 -1 -1 -1 -1 -1 1 16 936748722493063237 176 56546 43024 29 -1 -1 -1 -1 -1 -1 -1 -1 -1 -1 -1 1 16 936748722493063237 177 56868 42656 29 -1 -1 -1 -1 -1 -1 -1 -1 -1 -1 -1 1 16 936748722493063237 178 57102 42344 29 -1 -1 -1 -1 -1 -1 -1 -1 -1 -1 -1 1 16 936748722493063237 179 57102 41876 29 -1 -1 -1 -1 -1 -1 -1 -1 -1 -1 -1 1 16 936748722493063237 180 57726 41681 29 -1 -1 -1 -1 -1 -1 -1 -1 -1 -1 -1 1 16 936748722493063237 181 58272 41837 29 -1 -1 -1 -1 -1 -1 -1 -1 -1 -1 -1 1 16 936748722493063237 182 57921 42383 29 -1 -1 -1 -1 -1 -1 -1 -1 -1 -1 -1 1 16 936748722493063237 183 57492 42929 29 -1 -1 -1 -1 -1 -1 -1 -1 -1 -1 -1 1 16 936748722493063237 184 56946 43436 29 -1 -1 -1 -1 -1 -1 -1 -1 -1 -1 -1 1 16 936748722493063237 185 57609 43319 29 -1 -1 -1 -1 -1 -1 -1 -1 -1 -1 -1 1 16 936748722493063237 186 58350 42812 29 -1 -1 -1 -1 -1 -1 -1 -1 -1 -1 -1 1 16 936748722493063237 187 58857 42188 29 -1 -1 -1 -1 -1 -1 -1 -1 -1 -1 -1 1 16 936748722493063237 188 59169 42539 29 -1 -1 -1 -1 -1 -1 -1 -1 -1 -1 -1 1 16 936748722493063237 189 57921 41057 29 -1 -1 -1 -1 -1 -1 -1 -1 -1 -1 -1 1 16 936748722493063237 190 54138 43475 29 -1 -1 -1 -1 -1 -1 -1 -1 -1 -1 -1 1 16 936748722493063237 191 53631 43826 29 -1 -1 -1 -1 -1 -1 -1 -1 -1 -1 -1 1 16 936748722493063237 192 54177 44177 29 -1 -1 -1 -1 -1 -1 -1 -1 -1 -1 -1 1 16 936748722493063237 193 53397 43163 29 -1 -1 -1 -1 -1 -1 -1 -1 -1 -1 -1 1 16 936748722493063237 194 53124 43553 29 -1 -1 -1 -1 -1 -1 -1 -1 -1 -1 -1 1 16 936748722493063237 195 52851 43826 29 -1 -1 -1 -1 -1 -1 -1 -1 -1 -1 -1 1 16 936748722493063237 196 54996 43865 29 -1 -1 -1 -1 -1 -1 -1 -1 -1 -1 -1 1 16 936748722493063237 197 54801 44333 29 -1 -1 -1 -1 -1 -1 -1 -1 -1 -1 -1 1 16 936748722493063237 198 55854 44957 29 -1 -1 -1 -1 -1 -1 -1 -1 -1 -1 -1 1 16 936748722493063237 199 55542 44372 29 -1 -1 -1 -1 -1 -1 -1 -1 -1 -1 -1 1 16 936748722493063237 200 56400 44294 29 -1 -1 -1 -1 -1 -1 -1 -1 -1 -1 -1 1 16 936748722493063237 201 56244 43748 29 -1 -1 -1 -1 -1 -1 -1 -1 -1 -1 -1 1 16 936748722493063237 202 54684 44762 29 -1 -1 -1 -1 -1 -1 -1 -1 -1 -1 -1 1 16 936748722493063237 203 54294 44996 29 -1 -1 -1 -1 -1 -1 -1 -1 -1 -1 -1 1 16 936748722493063237 204 53748 45113 29 -1 -1 -1 -1 -1 -1 -1 -1 -1 -1 -1 1 16 936748722493063237 205 54207 45465 29 -1 -1 -1 -1 -1 -1 -1 -1 -1 -1 -1 1 16 936748722493063237 206 55048 45552 29 -1 -1 -1 -1 -1 -1 -1 -1 -1 -1 -1 1 16 936748722493063237 207 54352 46219 29 -1 -1 -1 -1 -1 -1 -1 -1 -1 -1 -1 1 16 936748722493063237 208 54990 46190 29 -1 -1 -1 -1 -1 -1 -1 -1 -1 -1 -1 1 16 936748722493063237 209 55876 47201 29 -1 -1 -1 -1 -1 -1 -1 -1 -1 -1 -1 1 16 936748722493063237 210 55369 47201 29 -1 -1 -1 -1 -1 -1 -1 -1 -1 -1 -1 1 16 936748722493063237 211 55837 47747 29 -1 -1 -1 -1 -1 -1 -1 -1 -1 -1 -1 1 16 936748722493063237 212 55096 47669 29 -1 -1 -1 -1 -1 -1 -1 -1 -1 -1 -1 1 16 936748722493063237 213 55408 48215 29 -1 -1 -1 -1 -1 -1 -1 -1 -1 -1 -1 1 16 936748722493063237 214 54550 49307 29 -1 -1 -1 -1 -1 -1 -1 -1 -1 -1 -1 1 16 936748722493063237 215 54745 48371 29 -1 -1 -1 -1 -1 -1 -1 -1 -1 -1 -1 1 16 936748722493063237 216 53770 47630 29 -1 -1 -1 -1 -1 -1 -1 -1 -1 -1 -1 1 16 936748722493063237 217 54433 47396 29 -1 -1 -1 -1 -1 -1 -1 -1 -1 -1 -1 1 16 936748722493063237 218 53926 46889 29 -1 -1 -1 -1 -1 -1 -1 -1 -1 -1 -1 1 16 936748722493063237 219 54589 46889 29 -1 -1 -1 -1 -1 -1 -1 -1 -1 -1 -1 1 16 936748722493063237 220 54277 50204 30 -1 -1 -1 -1 -1 -1 -1 -1 -1 -1 -1 1 16 936748722493063237 221 51859 49463 30 -1 -1 -1 -1 -1 -1 -1 -1 -1 -1 -1 1 16 936748722493063237 222 50611 48059 30 -1 -1 -1 -1 -1 -1 -1 -1 -1 -1 -1 1 16 936748722493063237 223 50416 47201 30 -1 -1 -1 -1 -1 -1 -1 -1 -1 -1 -1 1 16 936748722493063237 224 50221 46733 30 -1 -1 -1 -1 -1 -1 -1 -1 -1 -1 -1 1 16 936748722493063237 225 49649 46337 30 -1 -1 -1 -1 -1 -1 -1 -1 -1 -1 -1 1 16 936748722493063237 226 49297 47041 30 -1 -1 -1 -1 -1 -1 -1 -1 -1 -1 -1 1 16 936748722493063237 227 49737 47657 30 -1 -1 -1 -1 -1 -1 -1 -1 -1 -1 -1 1 16 936748722493063237 228 52993 49109 30 -1 -1 -1 -1 -1 -1 -1 -1 -1 -1 -1 1 16 936748722493063237 229 52377 48405 30 -1 -1 -1 -1 -1 -1 -1 -1 -1 -1 -1 1 16 936748722493063237 230 51805 47877 30 -1 -1 -1 -1 -1 -1 -1 -1 -1 -1 -1 1 16 936748722493063237 231 51717 46997 30 -1 -1 -1 -1 -1 -1 -1 -1 -1 -1 -1 1 16 936748722493063237 232 52333 46513 30 -1 -1 -1 -1 -1 -1 -1 -1 -1 -1 -1 1 16 936748722493063237 233 51761 46205 30 -1 -1 -1 -1 -1 -1 -1 -1 -1 -1 -1 1 16 936748722493063237 234 51101 46337 30 -1 -1 -1 -1 -1 -1 -1 -1 -1 -1 -1 1 16 936748722493063237 235 51321 45721 30 -1 -1 -1 -1 -1 -1 -1 -1 -1 -1 -1 1 16 936748722493063237 236 51893 45589 30 -1 -1 -1 -1 -1 -1 -1 -1 -1 -1 -1 1 16 936748722493063237 237 51453 45193 30 -1 -1 -1 -1 -1 -1 -1 -1 -1 -1 -1 1 1 936748722493063234 1 2 936748722493063235 1224979098644774912 
initialize_provinces_population -1
 2 6 3 1224979098644774912 0 31 3 0 
initialize_provinces_owners -1
 1 23 2 1224979098644774912 1 
add_faction -1
 6 23 2 1224979098644774912 1 5006 4 144115188075855980 1 1224979098644774912 0 5006 4 144115188075855980 2 1224979098644774912 1 5006 4 144115188075855980 3 1224979098644774912 3 5006 4 144115188075855980 4 1224979098644774912 2 5006 4 144115188075855980 5 1224979098644774912 4 
add_province -1
 7 23 2 1224979098644774912 1 23 2 1224979098644774913 2 23 2 1224979098644774914 3 23 2 1224979098644774915 4 5006 4 144115188075855975 1224979098644774913 1224979098644774912 0 5006 4 144115188075855975 1224979098644774914 1224979098644774912 1 5006 4 144115188075855975 1224979098644774915 1224979098644774912 6 
initialize_global_containers -1
 11 3200 1 144115188075855977 5000 3 144115188075855981 0 6 5000 4 144115188075855976 0 31 4 5000 4 144115188075855980 1 31 5 5000 4 144115188075855975 0 238 8 5000 4 144115188075855978 1 238 1 5000 4 144115188075855979 0 238 1 5007 2 144115188075855981 -1 5007 2 144115188075855976 -1 5007 2 144115188075855975 -1 5007 2 144115188075855979 -1 
world_map_agent_spawn -1
 11 23 2 1224979098644774912 1 4 0 2147485355 1 1224979098644774912 701 1 1 720 3 1 5000 0 721 3 1 5000 0 1711 2 1224979098644774912 1 1762 2 1224979098644774912 1 2096 2 1224979098644774912 0 1808 1 1224979098644774912 3 0 
world_map_start -1
 28 701 1 1 1970 1 1 1974 1 1080863910568919067 722 3 1 20 1 1970 1 1 6 3 1224979098644774912 0 238 2120 3 1224979098644774913 1080863910568919068 1224979098644774912 1974 1 1224979098644774913 5006 4 144115188075855975 72057594037927936 1224979098644774912 7 5008 4 1224979098644774914 144115188075855975 1224979098644774912 6 4 0 2147483679 2 1224979098644774914 -1 5008 4 1 144115188075855980 1224979098644774914 2 5 0 2320 2 1 1585267068834414605 3 0 2617 3 72057594037927936 -1 1 3 0 701 1 1 2001 3 1 0 0 720 3 1 40000 1 721 3 1 40000 1 722 3 1 20000 1 723 3 1 90 0 725 3 1 -180 0 725 3 1 180 1 2011 1 1 5006 3 144115188075855981 -1 4 
world_map_camera_movement_frame -1
 31 2124 1 100 4 0 2147484551 1 1513209474796486665 900 1 1513209474796486665 3 0 2010 1 1 5008 3 1224979098644774912 144115188075855981 3 728 2 1224979098644774913 1 2123 3 1224979098644774914 1224979098644774913 2 2123 3 1224979098644774915 1224979098644774913 -2 4 0 70 1 238 2105 2 1224979098644774912 1224979098644774915 5006 3 144115188075855981 1224979098644774912 3 5 0 70 1 239 2105 2 1224979098644774912 1224979098644774914 5006 3 144115188075855981 1224979098644774912 3 3 0 4 0 2121 3 1224979098644774916 1224979098644774912 1224979098644774913 2108 2 1224979098644774916 5 722 3 1 1224979098644774916 1 3 0 2011 1 1 4 0 71 1 57 726 2 72057594037927936 1 727 2 72057594037927937 1 1106 1 1585267068834414612 3 0 
world_map_camera_movement_5ms -1
 22 2124 1 100 2010 1 1 728 2 1224979098644774912 1 2123 3 1224979098644774913 1224979098644774912 60 2123 3 1224979098644774914 1224979098644774912 -60 4 0 70 1 17 721 3 1 1224979098644774913 1 3 0 4 0 70 1 31 721 3 1 1224979098644774914 1 3 0 4 0 70 1 30 720 3 1 1224979098644774914 1 3 0 4 0 70 1 32 720 3 1 1224979098644774913 1 3 0 2011 1 1 
start_date_selection_prsnt_start -1
 52 902 1 9999999 2124 1 1000 729 2 2 1000 730 2 2 179 729 2 3 1000 730 2 3 65 913 3 144115188075855992 1441151880758558723 1441151880758558723 956 2 144115188075855992 1585267068834414671 729 2 1 0 730 2 1 715 926 2 144115188075855992 1 925 2 144115188075855992 3 910 2 144115188075855993 1585267068834414672 729 2 1 400 730 2 1 725 926 2 144115188075855993 1 913 3 144115188075855984 1441151880758558723 1441151880758558723 956 2 144115188075855984 1585267068834414633 729 2 1 0 730 2 1 600 926 2 144115188075855984 1 925 2 144115188075855984 2 913 3 144115188075855985 1441151880758558723 1441151880758558723 956 2 144115188075855985 1585267068834414634 729 2 1 0 730 2 1 480 926 2 144115188075855985 1 925 2 144115188075855985 2 913 3 144115188075855988 1441151880758558723 1441151880758558723 956 2 144115188075855988 1585267068834414639 729 2 1 0 730 2 1 360 926 2 144115188075855988 1 925 2 144115188075855988 2 913 3 144115188075855989 1441151880758558723 1441151880758558723 956 2 144115188075855989 1585267068834414640 729 2 1 0 730 2 1 240 926 2 144115188075855989 1 925 2 144115188075855989 2 913 3 144115188075855990 1441151880758558723 1441151880758558723 956 2 144115188075855990 1585267068834414641 729 2 1 0 730 2 1 120 926 2 144115188075855990 1 925 2 144115188075855990 2 913 3 144115188075855991 1441151880758558723 1441151880758558723 956 2 144115188075855991 1585267068834414642 729 2 1 0 730 2 1 0 926 2 144115188075855991 1 925 2 144115188075855991 2 
start_date_selection_prsnt_frame -1
 28 2124 1 1000 75 1 1 727 2 1224979098644774912 1 956 2 144115188075855984 1585267068834414633 956 2 144115188075855985 1585267068834414634 956 2 144115188075855988 1585267068834414639 956 2 144115188075855989 1585267068834414640 956 2 144115188075855990 1585267068834414641 956 2 144115188075855991 1585267068834414642 4 0 30 2 1224979098644774912 600 956 2 144115188075855984 1585267068834414635 5 0 30 2 1224979098644774912 480 956 2 144115188075855985 1585267068834414636 5 0 30 2 1224979098644774912 360 956 2 144115188075855988 1585267068834414643 5 0 30 2 1224979098644774912 240 956 2 144115188075855989 1585267068834414644 5 0 30 2 1224979098644774912 120 956 2 144115188075855990 1585267068834414645 5 0 30 2 1224979098644774912 0 956 2 144115188075855991 1585267068834414646 3 0 
start_date_selection_prsnt_event -1
 29 23 2 1224979098644774912 1 23 2 1224979098644774913 2 2124 1 1000 2133 2 1224979098644774914 -1 4 0 31 2 1224979098644774912 144115188075855984 2133 2 1224979098644774914 1853 5 0 31 2 1224979098644774912 144115188075855985 2133 2 1224979098644774914 1861 5 0 31 2 1224979098644774912 144115188075855988 2133 2 1224979098644774914 1877 5 0 31 2 1224979098644774912 144115188075855989 2133 2 1224979098644774914 1910 5 0 31 2 1224979098644774912 144115188075855990 2133 2 1224979098644774914 1919 5 0 31 2 1224979098644774912 144115188075855991 2133 2 1224979098644774914 1936 3 0 4 0 2147483679 2 1224979098644774914 -1 902 1 0 1 2 936748722493063230 1224979098644774914 2060 1 864691128455135239 3 0 
world_map_prsnt_event -1
 11 23 2 1224979098644774912 1 23 2 1224979098644774913 2 2124 1 1000 4 0 31 2 1224979098644774912 144115188075855997 5017 3 144115188075855981 4 4 5006 3 144115188075855981 -1 4 5008 3 1224979098644774914 144115188075855981 5 5006 3 144115188075855981 1224979098644774914 2 902 1 0 3 0 
world_map_prsnt_start -1
 5 902 1 9999999 2124 1 1000 1 1 936748722493063255 1 1 936748722493063250 1 1 936748722493063248 
world_map_ui_start_bottom_panel -1
 20 4 0 5017 3 144115188075855981 -1 4 911 2 144115188075855994 1441151880758558723 956 2 144115188075855994 1585267068834414770 729 2 1 0 730 2 1 0 926 2 144115188075855994 1 729 2 1 1000 730 2 1 130 925 2 144115188075855994 1 913 3 144115188075855999 1441151880758558724 1441151880758558724 729 2 1 60 730 2 1 35 926 2 144115188075855999 1 729 2 1 1500 730 2 1 1000 925 2 144115188075855999 1 5008 3 1224979098644774912 144115188075855981 2 1 3 936748722493063249 144115188075855999 1224979098644774912 3 0 
ui_flag_overlay_set_material_and_tooltip -1
 9 23 2 1224979098644774912 1 23 2 1224979098644774913 2 4 0 30 2 1224979098644774913 0 5008 4 10 144115188075855980 1224979098644774913 3 5008 4 11 144115188075855980 1224979098644774913 0 956 2 1224979098644774912 10 950 2 1224979098644774912 11 3 0 
world_map_ui_start_faction_selection -1
 28 4 0 5017 3 144115188075855981 4 4 911 2 144115188075855994 1441151880758558723 956 2 144115188075855994 1585267068834414769 729 2 1 0 730 2 1 0 926 2 144115188075855994 1 729 2 1 1000 730 2 1 95 925 2 144115188075855994 1 911 2 144115188075855995 1441151880758558724 729 2 1 50 730 2 1 27 926 2 144115188075855995 1 729 2 1 1200 730 2 1 800 925 2 144115188075855995 1 947 2 144115188075855995 0 910 3 144115188075855998 1585267068834414766 16 729 2 1 500 730 2 1 20 926 2 144115188075855998 1 940 2 144115188075855997 1585267068834414765 729 2 1 870 730 2 1 12 926 2 144115188075855997 1 947 2 144115188075855997 0 3 0 
world_map_prsnt_frame -1
 5 2124 1 1000 1 1 936748722493063256 1 1 936748722493063252 1 1 936748722493063253 1 1 936748722493063254 
world_map_ui_faction_selection -1
 24 4 0 5017 3 144115188075855981 -1 2 2147488665 3 144115188075855981 4 4 5006 3 144115188075855981 4 4 5006 3 144115188075855981 -1 5 902 1 0 3 0 4 0 5017 3 144115188075855981 4 4 4 0 5020 3 144115188075855981 0 5 5008 3 1224979098644774912 144115188075855981 5 5008 4 1 144115188075855980 1224979098644774912 3 5008 4 2 144115188075855980 1224979098644774912 0 947 2 144115188075855997 1 947 2 144115188075855995 1 956 2 144115188075855995 1 920 2 144115188075855998 2 5 0 947 2 144115188075855997 0 947 2 144115188075855995 0 920 2 144115188075855998 1585267068834414767 3 0 3 0 
world_map_ui_process_province_click -1
 48 2124 1 1000 4 0 71 1 224 1073746841 3 144115188075855981 -1 4 1073746841 3 144115188075855981 4 4 5017 3 144115188075855981 1 4 75 1 1 2133 2 1224979098644774912 1 726 2 1224979098644774913 1 727 2 1224979098644774914 1 4 0 5017 3 144115188075855981 4 4 2147483680 2 1224979098644774914 64 2133 2 1224979098644774912 0 3 0 31 2 1224979098644774912 1 701 1 2 2124 1 100 2133 2 1224979098644774915 -1 2133 2 1224979098644774916 9999999 6 3 1224979098644774917 0 238 5008 4 1224979098644774913 144115188075855975 1224979098644774917 0 5008 4 1224979098644774914 144115188075855975 1224979098644774917 1 729 2 2 1224979098644774913 730 2 2 1224979098644774914 750 2 3 2 710 3 1224979098644774918 1 3 2147483680 2 1224979098644774918 1224979098644774916 2133 2 1224979098644774915 1224979098644774917 2133 2 1224979098644774916 1224979098644774918 3 0 2124 1 1000 4 0 30 2 1224979098644774916 7 2133 2 1224979098644774915 -1 3 0 4 0 30 2 1224979098644774915 0 2133 2 72057594037927936 1224979098644774915 1106 1 1585267068834414595 4 0 5017 3 144115188075855981 4 4 5020 4 144115188075855975 0 1224979098644774915 6 5008 4 1224979098644774919 144115188075855975 1224979098644774915 6 5006 3 144115188075855981 1224979098644774919 5 3 0 3 0 3 0 
world_map_ui_province_small_menu -1
 1 2124 1 1000 
world_map_ui_start_black_dot -1
 6 911 2 144115188075855982 1441151880758558722 729 2 1 500 730 2 1 375 926 2 144115188075855982 1 947 2 144115188075855982 0 2133 2 144115188075855983 0 
world_map_ui_black_dot_frame -1
 10 4 0 71 1 14 4 0 31 2 144115188075855983 0 2133 2 144115188075855983 1 5 0 2133 2 144115188075855983 0 3 0 947 2 144115188075855982 144115188075855983 3 0 
