49
sky1_day 536870912 0.000000 50.000000 1.000000 pfx_sunny
 3.454545 3.363636 2.818182  0.000000 0.000000 0.000000  0.160000 0.230000 0.390000  0.000000 4288132812
sky1_day 536870912 0.000000 50.000000 1.000000 pfx_sunny
 3.454545 3.363636 2.818182  0.000000 0.000000 0.000000  0.160000 0.230000 0.390000  0.000000 4288132812
sky2_day 536870912 0.000000 50.000000 1.000000 pfx_sunny
 3.454545 3.363636 2.818182  0.000000 0.000000 0.000000  0.160000 0.230000 0.390000  0.000000 4288132812
sky3_day 536870912 0.000000 50.000000 1.000000 pfx_sunny
 3.454545 3.363636 2.818182  0.000000 0.000000 0.000000  0.160000 0.230000 0.390000  0.000000 4288132812
sky4_day 536870912 0.000000 50.000000 1.000000 pfx_sunny
 3.454545 3.363636 2.818182  0.000000 0.000000 0.000000  0.160000 0.230000 0.390000  0.000000 4288139237
sky5_day 536870912 0.000000 50.000000 0.000000 pfx_cloudy
 2.923077 2.846154 2.384615  0.000000 0.000000 0.000000  0.950000 0.950000 0.950000  0.000000 4286087820
sky6_day 536870912 0.000000 50.000000 1.000000 pfx_sunny
 3.454545 3.363636 2.818182  0.000000 0.000000 0.000000  0.160000 0.230000 0.390000  0.000000 4286163147
sky7_day 536870912 0.000000 50.000000 0.000000 pfx_cloudy
 2.923077 2.846154 2.384615  0.000000 0.000000 0.000000  0.950000 0.950000 0.950000  0.000000 4286087820
sky8_day 536870912 0.000000 50.000000 1.000000 pfx_sunny
 3.454545 3.363636 2.818182  0.000000 0.000000 0.000000  0.160000 0.230000 0.390000  0.000000 4287018450
sky9_day 536870912 0.000000 50.000000 0.000000 pfx_heavy_cloudy
 2.923077 2.846154 2.384615  0.000000 0.000000 0.000000  0.950000 0.950000 0.950000  0.000000 4286087820
sky10_day 536870912 0.000000 50.000000 0.000000 pfx_heavy_cloudy
 2.923077 2.846154 2.384615  0.000000 0.000000 0.000000  0.950000 0.950000 0.950000  0.000000 4286087820
sky11_day 536870912 0.000000 50.000000 0.000000 pfx_cloudy
 2.923077 2.846154 2.384615  0.000000 0.000000 0.000000  0.950000 0.950000 0.950000  0.000000 4283784291
sky12_day 536870912 0.000000 50.000000 0.000000 pfx_heavy_cloudy
 2.923077 2.846154 2.384615  0.000000 0.000000 0.000000  0.950000 0.950000 0.950000  0.000000 4286087820
sky13_day 536870912 0.000000 50.000000 0.000000 pfx_heavy_cloudy
 2.923077 2.846154 2.384615  0.000000 0.000000 0.000000  0.950000 0.950000 0.950000  0.000000 4284246128
sky14_day 536870912 0.000000 50.000000 0.000000 pfx_heavy_cloudy
 2.923077 2.846154 2.384615  0.000000 0.000000 0.000000  0.950000 0.950000 0.950000  0.000000 4286488262
sky15_day 536870912 0.000000 50.000000 0.000000 pfx_heavy_cloudy_dark
 2.000000 1.947368 1.631579  0.000000 0.000000 0.000000  0.950000 0.950000 0.950000  0.000000 4281875779
sky16_day 536870912 0.000000 50.000000 0.000000 pfx_heavy_cloudy_dark
 2.000000 1.947368 1.631579  0.000000 0.000000 0.000000  0.950000 0.950000 0.950000  0.000000 4281941576
sky17_day 536870912 0.000000 50.000000 1.000000 pfx_sunny
 3.454545 3.363636 2.818182  0.000000 0.000000 0.000000  0.160000 0.230000 0.390000  0.000000 4286886878
sky18_day 536870912 0.000000 50.000000 0.000000 pfx_cloudy
 2.923077 2.846154 2.384615  0.000000 0.000000 0.000000  0.950000 0.950000 0.950000  0.000000 4283784291
sky19_night 536870912 0.000000 35.000000 0.000000 pfx_night
 0.000000 0.160000 0.550000  0.000000 0.000000 0.000000  0.000000 0.007000 0.025000  400.000000 4280163870
sky20_night 536870912 0.000000 35.000000 0.000000 pfx_night
 0.000000 0.160000 0.550000  0.000000 0.000000 0.000000  0.000000 0.007000 0.025000  400.000000 4280163870
sky21_night 536870912 0.000000 35.000000 0.000000 pfx_night
 0.000000 0.160000 0.550000  0.000000 0.000000 0.000000  0.000000 0.007000 0.025000  400.000000 4280163870
sky22_night 536870912 0.000000 51.000000 0.000000 pfx_night
 0.000000 0.160000 0.550000  0.000000 0.000000 0.000000  0.000000 0.007000 0.025000  400.000000 4280163870
sky23_night 536870912 0.000000 51.000000 0.000000 pfx_night
 0.000000 0.160000 0.550000  0.000000 0.000000 0.000000  0.000000 0.007000 0.025000  400.000000 4280163870
sky24_sunset 536870912 0.000000 12.000000 0.700000 pfx_sunset_dark
 1.926523 0.627240 0.053763  0.000000 0.000000 0.000000  0.039216 0.054466 0.098039  300.000000 4282135346
sky25_sunset 536870912 0.000000 12.000000 0.700000 pfx_sunset
 3.467742 1.129032 0.096774  0.000000 0.000000 0.000000  0.070588 0.098039 0.176471  300.000000 4282135346
sky26_sunset 536870912 0.000000 12.000000 0.700000 pfx_sunset_dark
 1.926523 0.627240 0.053763  0.000000 0.000000 0.000000  0.039216 0.054466 0.098039  300.000000 4282135346
sky27_sunset 536870912 0.000000 12.000000 0.700000 pfx_sunset_dark
 1.926523 0.627240 0.053763  0.000000 0.000000 0.000000  0.039216 0.054466 0.098039  300.000000 4282135346
sky28_sunset 536870912 0.000000 12.000000 0.700000 pfx_sunset
 3.467742 1.129032 0.096774  0.000000 0.000000 0.000000  0.070588 0.098039 0.176471  300.000000 4282135346
sky29_sunset 536870912 0.000000 12.000000 0.700000 pfx_sunset
 3.467742 1.129032 0.096774  0.000000 0.000000 0.000000  0.070588 0.098039 0.176471  300.000000 4282135346
sky30_sunset 536870912 0.000000 12.000000 0.700000 pfx_sunset_dark
 1.926523 0.627240 0.053763  0.000000 0.000000 0.000000  0.039216 0.054466 0.098039  300.000000 4282135346
sky31_sunset 536870912 0.000000 12.000000 0.000000 pfx_sunset_dark
 1.926523 0.627240 0.053763  0.000000 0.000000 0.000000  0.039216 0.054466 0.098039  300.000000 4282135346
sky32_evening 536870912 0.000000 40.000000 1.000000 pfx_evening_clear
 2.111111 2.055556 1.722222  0.000000 0.000000 0.000000  0.160000 0.230000 0.390000  0.000000 4283394170
sky33_evening 536870912 0.000000 40.000000 1.000000 pfx_evening_clear
 2.111111 2.055556 1.722222  0.000000 0.000000 0.000000  0.160000 0.230000 0.390000  0.000000 4283394170
sky34_evening 536870912 0.000000 40.000000 1.000000 pfx_evening_clear
 2.111111 2.055556 1.722222  0.000000 0.000000 0.000000  0.160000 0.230000 0.390000  0.000000 4283855230
sky35_evening 536870912 0.000000 40.000000 1.000000 pfx_evening_clear
 2.111111 2.055556 1.722222  0.000000 0.000000 0.000000  0.160000 0.230000 0.390000  0.000000 4283394170
sky36_evening 536870912 0.000000 40.000000 0.000000 pfx_evening_cloudy
 1.695652 1.521739 0.782609  0.000000 0.000000 0.000000  0.950000 0.950000 0.950000  0.000000 4283129719
sky37_evening 536870912 0.000000 40.000000 0.000000 pfx_evening_cloudy
 1.695652 1.521739 0.782609  0.000000 0.000000 0.000000  0.950000 0.950000 0.950000  0.000000 4282932338
sky38_dusk 536870912 0.000000 50.000000 0.000000 pfx_dusk_clear
 0.116279 0.174419 0.700000  0.000000 0.000000 0.000000  0.950000 0.950000 0.950000  0.000000 4280954934
sky39_dusk 536870912 0.000000 50.000000 0.000000 pfx_dusk_cloudy
 0.100000 0.150000 0.544444  0.000000 0.000000 0.000000  0.950000 0.950000 0.950000  0.000000 4280954934
sky40_dusk 536870912 0.000000 50.000000 0.000000 pfx_dusk_clear
 0.116279 0.174419 0.700000  0.000000 0.000000 0.000000  0.950000 0.950000 0.950000  0.000000 4280232507
sky41_day 536870912 0.000000 50.000000 0.000000 pfx_heavy_cloudy
 2.923077 2.846154 2.384615  0.000000 0.000000 0.000000  0.950000 0.950000 0.950000  0.000000 4286415747
sky42_evening 536870912 0.000000 40.000000 0.000000 pfx_evening_cloudy
 1.695652 1.521739 0.782609  0.000000 0.000000 0.000000  0.950000 0.950000 0.950000  0.000000 4283129719
sky43_dusk 536870912 0.000000 0.000000 0.000000 pfx_dusk_cloudy
 0.100000 0.150000 0.544444  0.000000 0.000000 0.000000  0.950000 0.950000 0.950000  0.000000 4280954934
sky44_evening 536870912 0.000000 40.000000 1.000000 pfx_evening_cloudy
 2.111111 2.055556 1.722222  0.000000 0.000000 0.000000  0.160000 0.230000 0.390000  0.000000 4282733155
sky45_dusk 536870912 0.000000 50.000000 0.000000 pfx_dusk_cloudy
 0.116279 0.174419 0.700000  0.000000 0.000000 0.000000  0.950000 0.950000 0.950000  0.000000 4280824379
sky46_evening 536870912 0.000000 50.000000 0.000000 pfx_evening_cloudy
 1.444444 1.296296 0.666667  0.000000 0.000000 0.000000  0.950000 0.950000 0.950000  0.000000 4289965222
sky47_sunset 536870912 0.000000 12.000000 0.000000 pfx_sunset_dark
 2.311828 0.752688 0.064516  0.000000 0.000000 0.000000  0.047059 0.065359 0.117647  300.000000 4280887341
sky48_pct 536870912 0.000000 30.000000 1.000000 pfx_sunny
 3.454545 3.363636 2.818182  0.000000 0.000000 0.000000  0.160000 0.230000 0.390000  0.000000 4288132812
